*band 1 eu
36 15 15 15 16 16 16 18 18 18 21 21 21
36 15 15 15 16 16 16 18 18 18 -1 -1 -1
36 15 15 15 16 16 16 -1 -1 -1 -1 -1 -1
36 15 15 15 -1 -1 -1 -1 -1 -1 -1 -1 -1
36 11 11 11 12 12 12 14 14 14 17 17 17
36 13 13 13 14 14 14 16 16 16 -1 -1 -1
36 14 14 14 15 15 15 -1 -1 -1 -1 -1 -1
36 15 15 15 -1 -1 -1 -1 -1 -1 -1 -1 -1
40 15 15 15 16 16 16 18 18 18 21 21 21
40 15 15 15 16 16 16 18 18 18 -1 -1 -1
40 15 15 15 16 16 16 -1 -1 -1 -1 -1 -1
40 15 15 15 -1 -1 -1 -1 -1 -1 -1 -1 -1
40 11 11 11 12 12 12 14 14 14 17 17 17
40 13 13 13 14 14 14 16 16 16 -1 -1 -1
40 14 14 14 15 15 15 -1 -1 -1 -1 -1 -1
40 15 15 15 -1 -1 -1 -1 -1 -1 -1 -1 -1
44 15 15 15 16 16 16 18 18 18 21 21 21
44 15 15 15 16 16 16 18 18 18 -1 -1 -1
44 15 15 15 16 16 16 -1 -1 -1 -1 -1 -1
44 15 15 15 -1 -1 -1 -1 -1 -1 -1 -1 -1
44 11 11 11 12 12 12 14 14 14 17 17 17
44 13 13 13 14 14 14 16 16 16 -1 -1 -1
44 14 14 14 15 15 15 -1 -1 -1 -1 -1 -1
44 15 15 15 -1 -1 -1 -1 -1 -1 -1 -1 -1
48 15 15 15 16 16 16 18 18 18 21 21 21
48 15 15 15 16 16 16 18 18 18 -1 -1 -1
48 15 15 15 16 16 16 -1 -1 -1 -1 -1 -1
48 15 15 15 -1 -1 -1 -1 -1 -1 -1 -1 -1
48 11 11 11 12 12 12 14 14 14 17 17 17
48 13 13 13 14 14 14 16 16 16 -1 -1 -1
48 14 14 14 15 15 15 -1 -1 -1 -1 -1 -1
48 15 15 15 -1 -1 -1 -1 -1 -1 -1 -1 -1
*band 2 eu
52 16 16 16 17 17 17 19 19 19 21 21 21
52 16 16 16 17 17 17 19 19 19 -1 -1 -1
52 16 16 16 17 17 17 -1 -1 -1 -1 -1 -1
52 16 16 16 -1 -1 -1 -1 -1 -1 -1 -1 -1
52 12 12 12 13 13 13 15 15 15 18 18 18
52 13 13 13 14 14 14 16 16 16 -1 -1 -1
52 15 15 15 16 16 16 -1 -1 -1 -1 -1 -1
52 16 16 16 -1 -1 -1 -1 -1 -1 -1 -1 -1
56 16 16 16 17 17 17 19 19 19 21 21 21
56 16 16 16 17 17 17 19 19 19 -1 -1 -1
56 16 16 16 17 17 17 -1 -1 -1 -1 -1 -1
56 16 16 16 -1 -1 -1 -1 -1 -1 -1 -1 -1
56 12 12 12 13 13 13 15 15 15 18 18 18
56 13 13 13 14 14 14 16 16 16 -1 -1 -1
56 15 15 15 16 16 16 -1 -1 -1 -1 -1 -1
56 16 16 16 -1 -1 -1 -1 -1 -1 -1 -1 -1
60 16 16 16 17 17 17 19 19 19 21 21 21
60 16 16 16 17 17 17 19 19 19 -1 -1 -1
60 16 16 16 17 17 17 -1 -1 -1 -1 -1 -1
60 16 16 16 -1 -1 -1 -1 -1 -1 -1 -1 -1
60 12 12 12 13 13 13 15 15 15 18 18 18
60 13 13 13 14 14 14 16 16 16 -1 -1 -1
60 15 15 15 16 16 16 -1 -1 -1 -1 -1 -1
60 16 16 16 -1 -1 -1 -1 -1 -1 -1 -1 -1
64 16 16 16 17 17 17 19 19 19 21 21 21
64 16 16 16 17 17 17 19 19 19 -1 -1 -1
64 16 16 16 17 17 17 -1 -1 -1 -1 -1 -1
64 16 16 16 -1 -1 -1 -1 -1 -1 -1 -1 -1
64 12 12 12 13 13 13 15 15 15 18 18 18
64 13 13 13 14 14 14 16 16 16 -1 -1 -1
64 15 15 15 16 16 16 -1 -1 -1 -1 -1 -1
64 16 16 16 -1 -1 -1 -1 -1 -1 -1 -1 -1
*band 3 eu
100 21 21 21 21 21 21 21 21 21 21 21 21
100 21 21 21 21 21 21 21 21 21 -1 -1 -1
100 21 21 21 21 21 21 -1 -1 -1 -1 -1 -1
100 21 21 21 -1 -1 -1 -1 -1 -1 -1 -1 -1
100 19 19 19 19 19 19 20 20 20 21 21 21
100 19 19 19 19 19 19 21 21 21 -1 -1 -1
100 20 20 20 21 21 21 -1 -1 -1 -1 -1 -1
100 21 21 21 -1 -1 -1 -1 -1 -1 -1 -1 -1
104 21 21 21 21 21 21 21 21 21 21 21 21
104 21 21 21 21 21 21 21 21 21 -1 -1 -1
104 21 21 21 21 21 21 -1 -1 -1 -1 -1 -1
104 21 21 21 -1 -1 -1 -1 -1 -1 -1 -1 -1
104 19 19 19 19 19 19 20 20 20 21 21 21
104 19 19 19 19 19 19 21 21 21 -1 -1 -1
104 20 20 20 21 21 21 -1 -1 -1 -1 -1 -1
104 21 21 21 -1 -1 -1 -1 -1 -1 -1 -1 -1
108 21 21 21 21 21 21 21 21 21 21 21 21
108 21 21 21 21 21 21 21 21 21 -1 -1 -1
108 21 21 21 21 21 21 -1 -1 -1 -1 -1 -1
108 21 21 21 -1 -1 -1 -1 -1 -1 -1 -1 -1
108 19 19 19 19 19 19 20 20 20 21 21 21
108 19 19 19 19 19 19 21 21 21 -1 -1 -1
108 20 20 20 21 21 21 -1 -1 -1 -1 -1 -1
108 21 21 21 -1 -1 -1 -1 -1 -1 -1 -1 -1
112 21 21 21 21 21 21 21 21 21 21 21 21
112 21 21 21 21 21 21 21 21 21 -1 -1 -1
112 21 21 21 21 21 21 -1 -1 -1 -1 -1 -1
112 21 21 21 -1 -1 -1 -1 -1 -1 -1 -1 -1
112 19 19 19 19 19 19 20 20 20 21 21 21
112 19 19 19 19 19 19 21 21 21 -1 -1 -1
112 20 20 20 21 21 21 -1 -1 -1 -1 -1 -1
112 21 21 21 -1 -1 -1 -1 -1 -1 -1 -1 -1
116 21 21 21 21 21 21 21 21 21 21 21 21
116 21 21 21 21 21 21 21 21 21 -1 -1 -1
116 21 21 21 21 21 21 -1 -1 -1 -1 -1 -1
116 21 21 21 -1 -1 -1 -1 -1 -1 -1 -1 -1
116 19 19 19 19 19 19 20 20 20 21 21 21
116 19 19 19 19 19 19 21 21 21 -1 -1 -1
116 20 20 20 21 21 21 -1 -1 -1 -1 -1 -1
116 21 21 21 -1 -1 -1 -1 -1 -1 -1 -1 -1
120 21 21 21 21 21 21 21 21 21 21 21 21
120 21 21 21 21 21 21 21 21 21 -1 -1 -1
120 21 21 21 21 21 21 -1 -1 -1 -1 -1 -1
120 21 21 21 -1 -1 -1 -1 -1 -1 -1 -1 -1
120 19 19 19 19 19 19 20 20 20 21 21 21
120 19 19 19 19 19 19 21 21 21 -1 -1 -1
120 20 20 20 21 21 21 -1 -1 -1 -1 -1 -1
120 21 21 21 -1 -1 -1 -1 -1 -1 -1 -1 -1
124 21 21 21 21 21 21 21 21 21 21 21 21
124 21 21 21 21 21 21 21 21 21 -1 -1 -1
124 21 21 21 21 21 21 -1 -1 -1 -1 -1 -1
124 21 21 21 -1 -1 -1 -1 -1 -1 -1 -1 -1
124 19 19 19 19 19 19 20 20 20 21 21 21
124 19 19 19 19 19 19 21 21 21 -1 -1 -1
124 20 20 20 21 21 21 -1 -1 -1 -1 -1 -1
124 21 21 21 -1 -1 -1 -1 -1 -1 -1 -1 -1
128 21 21 21 21 21 21 21 21 21 21 21 21
128 21 21 21 21 21 21 21 21 21 -1 -1 -1
128 21 21 21 21 21 21 -1 -1 -1 -1 -1 -1
128 21 21 21 -1 -1 -1 -1 -1 -1 -1 -1 -1
128 19 19 19 19 19 19 20 20 20 21 21 21
128 19 19 19 19 19 19 21 21 21 -1 -1 -1
128 20 20 20 21 21 21 -1 -1 -1 -1 -1 -1
128 21 21 21 -1 -1 -1 -1 -1 -1 -1 -1 -1
132 -1 21 21 -1 21 21 -1 21 21 -1 21 21
132 -1 21 21 -1 21 21 -1 21 21 -1 -1 -1
132 -1 21 21 -1 21 21 -1 -1 -1 -1 -1 -1
132 -1 21 21 -1 -1 -1 -1 -1 -1 -1 -1 -1
132 -1 19 19 -1 19 19 -1 20 20 -1 21 21
132 -1 19 19 -1 19 19 -1 21 21 -1 -1 -1
132 -1 20 20 -1 21 21 -1 -1 -1 -1 -1 -1
132 -1 21 21 -1 -1 -1 -1 -1 -1 -1 -1 -1
136 -1 21 21 -1 21 21 -1 21 21 -1 21 21
136 -1 21 21 -1 21 21 -1 21 21 -1 -1 -1
136 -1 21 21 -1 21 21 -1 -1 -1 -1 -1 -1
136 -1 21 21 -1 -1 -1 -1 -1 -1 -1 -1 -1
136 -1 19 19 -1 19 19 -1 20 20 -1 21 21
136 -1 19 19 -1 19 19 -1 21 21 -1 -1 -1
136 -1 20 20 -1 21 21 -1 -1 -1 -1 -1 -1
136 -1 21 21 -1 -1 -1 -1 -1 -1 -1 -1 -1
140 -1 21 21 -1 21 21 -1 21 21 -1 21 21
140 -1 21 21 -1 21 21 -1 21 21 -1 -1 -1
140 -1 21 21 -1 21 21 -1 -1 -1 -1 -1 -1
140 -1 21 21 -1 -1 -1 -1 -1 -1 -1 -1 -1
140 -1 19 19 -1 19 19 -1 20 20 -1 21 21
140 -1 19 19 -1 19 19 -1 21 21 -1 -1 -1
140 -1 20 20 -1 21 21 -1 -1 -1 -1 -1 -1
140 -1 21 21 -1 -1 -1 -1 -1 -1 -1 -1 -1
