*band 1 us
36 16 17 18 16 18 21 18 21 21 21 21 21
36 16 17 18 16 18 21 18 21 21 -1 -1 -1
36 16 17 18 16 18 21 -1 -1 -1 -1 -1 -1
36 16 17 18 -1 -1 -1 -1 -1 -1 -1 -1 -1
36 12 14 18 13 13 17 15 15 19 18 18 21
36 14 16 18 15 15 19 17 17 21 -1 -1 -1
36 15 17 20 16 18 21 -1 -1 -1 -1 -1 -1
36 15 17 20 -1 -1 -1 -1 -1 -1 -1 -1 -1
40 16 17 20 16 18 21 18 21 21 21 21 21
40 16 17 20 16 18 21 18 21 21 -1 -1 -1
40 16 17 20 16 18 21 -1 -1 -1 -1 -1 -1
40 16 17 20 -1 -1 -1 -1 -1 -1 -1 -1 -1
40 12 14 18 13 13 17 15 15 19 18 18 21
40 14 16 18 15 15 19 17 17 21 -1 -1 -1
40 15 17 20 16 18 21 -1 -1 -1 -1 -1 -1
40 15 17 20 -1 -1 -1 -1 -1 -1 -1 -1 -1
44 16 21 21 16 21 21 18 21 21 21 21 21
44 16 21 21 16 21 21 18 21 21 -1 -1 -1
44 16 21 21 16 21 21 -1 -1 -1 -1 -1 -1
44 16 21 21 -1 -1 -1 -1 -1 -1 -1 -1 -1
44 12 21 21 13 21 21 15 21 21 21 21 21
44 14 21 21 15 21 21 17 21 21 -1 -1 -1
44 15 21 21 16 21 21 -1 -1 -1 -1 -1 -1
44 15 21 21 -1 -1 -1 -1 -1 -1 -1 -1 -1
48 16 21 21 16 21 21 18 21 21 21 21 21
48 16 21 21 16 21 21 18 21 21 -1 -1 -1
48 16 21 21 16 21 21 -1 -1 -1 -1 -1 -1
48 16 21 21 -1 -1 -1 -1 -1 -1 -1 -1 -1
48 12 21 21 13 21 21 15 21 21 21 21 21
48 14 21 21 15 21 21 17 21 21 -1 -1 -1
48 15 21 21 16 21 21 -1 -1 -1 -1 -1 -1
48 15 21 21 -1 -1 -1 -1 -1 -1 -1 -1 -1
*band 2 us
52 16 17 17 17 18 18 18 20 20 21 21 21
52 16 17 17 17 18 18 18 20 20 -1 -1 -1
52 16 17 17 17 18 18 -1 -1 -1 -1 -1 -1
52 16 17 17 -1 -1 -1 -1 -1 -1 -1 -1 -1
52 15 16 17 16 17 18 18 19 20 21 21 21
52 15 16 17 16 17 18 18 19 20 -1 -1 -1
52 16 17 17 17 18 18 -1 -1 -1 -1 -1 -1
52 16 17 17 -1 -1 -1 -1 -1 -1 -1 -1 -1
56 16 17 17 17 18 18 18 20 20 21 21 21
56 16 17 17 17 18 18 18 20 20 -1 -1 -1
56 16 17 17 17 18 18 -1 -1 -1 -1 -1 -1
56 16 17 17 -1 -1 -1 -1 -1 -1 -1 -1 -1
56 15 16 17 16 17 18 18 19 20 21 21 21
56 15 16 17 16 17 18 18 19 20 -1 -1 -1
56 16 17 17 17 18 18 -1 -1 -1 -1 -1 -1
56 16 17 17 -1 -1 -1 -1 -1 -1 -1 -1 -1
60 16 17 17 17 18 18 18 20 20 21 21 21
60 16 17 17 17 18 18 18 20 20 -1 -1 -1
60 16 17 17 17 18 18 -1 -1 -1 -1 -1 -1
60 16 17 17 -1 -1 -1 -1 -1 -1 -1 -1 -1
60 15 16 17 16 17 18 18 19 20 21 21 21
60 15 16 17 16 17 18 18 19 20 -1 -1 -1
60 16 17 17 17 18 18 -1 -1 -1 -1 -1 -1
60 16 17 17 -1 -1 -1 -1 -1 -1 -1 -1 -1
64 16 17 17 17 18 18 18 20 20 21 21 21
64 16 17 17 17 18 18 18 20 20 -1 -1 -1
64 16 17 17 17 18 18 -1 -1 -1 -1 -1 -1
64 16 17 17 -1 -1 -1 -1 -1 -1 -1 -1 -1
64 15 16 17 16 17 18 18 19 20 21 21 21
64 15 16 17 16 17 18 18 19 20 -1 -1 -1
64 16 17 17 17 18 18 -1 -1 -1 -1 -1 -1
64 16 17 17 -1 -1 -1 -1 -1 -1 -1 -1 -1
*band 3 us
100 15 16 17 16 17 18 18 19 20 21 21 21
100 15 16 17 16 17 18 18 19 20 -1 -1 -1
100 15 16 17 16 17 18 -1 -1 -1 -1 -1 -1
100 15 16 17 -1 -1 -1 -1 -1 -1 -1 -1 -1
100 15 16 17 16 17 18 18 19 20 21 21 21
100 15 16 17 16 17 18 18 19 20 -1 -1 -1
100 15 16 17 16 17 18 -1 -1 -1 -1 -1 -1
100 15 16 17 -1 -1 -1 -1 -1 -1 -1 -1 -1
104 15 16 17 16 17 18 18 20 20 21 21 21
104 15 16 17 16 17 18 18 20 20 -1 -1 -1
104 15 16 17 16 17 18 -1 -1 -1 -1 -1 -1
104 15 16 17 -1 -1 -1 -1 -1 -1 -1 -1 -1
104 15 16 17 16 17 18 18 20 20 21 21 21
104 15 16 17 16 17 18 18 20 20 -1 -1 -1
104 15 16 17 16 17 18 -1 -1 -1 -1 -1 -1
104 15 16 17 -1 -1 -1 -1 -1 -1 -1 -1 -1
108 15 17 17 16 18 18 18 20 20 21 21 21
108 15 17 17 16 18 18 18 20 20 -1 -1 -1
108 15 17 17 16 18 18 -1 -1 -1 -1 -1 -1
108 15 17 17 -1 -1 -1 -1 -1 -1 -1 -1 -1
108 15 17 17 16 18 18 18 20 20 21 21 21
108 15 17 17 16 18 18 18 20 20 -1 -1 -1
108 15 17 17 16 18 18 -1 -1 -1 -1 -1 -1
108 15 17 17 -1 -1 -1 -1 -1 -1 -1 -1 -1
112 15 17 17 16 18 18 18 20 20 21 21 21
112 15 17 17 16 18 18 18 20 20 -1 -1 -1
112 15 17 17 16 18 18 -1 -1 -1 -1 -1 -1
112 15 17 17 -1 -1 -1 -1 -1 -1 -1 -1 -1
112 15 17 17 16 18 18 18 20 20 21 21 21
112 15 17 17 16 18 18 18 20 20 -1 -1 -1
112 15 17 17 16 18 18 -1 -1 -1 -1 -1 -1
112 15 17 17 -1 -1 -1 -1 -1 -1 -1 -1 -1
116 15 17 17 16 18 18 18 20 20 21 21 21
116 15 17 17 16 18 18 18 20 20 -1 -1 -1
116 15 17 17 16 18 18 -1 -1 -1 -1 -1 -1
116 15 17 17 -1 -1 -1 -1 -1 -1 -1 -1 -1
116 15 17 17 16 18 18 18 20 20 21 21 21
116 15 17 17 16 18 18 18 20 20 -1 -1 -1
116 15 17 17 16 18 18 -1 -1 -1 -1 -1 -1
116 15 17 17 -1 -1 -1 -1 -1 -1 -1 -1 -1
120 15 17 17 16 18 18 18 20 20 21 21 21
120 15 17 17 16 18 18 18 20 20 -1 -1 -1
120 15 17 17 16 18 18 -1 -1 -1 -1 -1 -1
120 15 17 17 -1 -1 -1 -1 -1 -1 -1 -1 -1
120 15 17 17 16 18 18 18 20 20 21 21 21
120 15 17 17 16 18 18 18 20 20 -1 -1 -1
120 15 17 17 16 18 18 -1 -1 -1 -1 -1 -1
120 15 17 17 -1 -1 -1 -1 -1 -1 -1 -1 -1
124 15 17 17 16 18 18 18 20 20 21 21 21
124 15 17 17 16 18 18 18 20 20 -1 -1 -1
124 15 17 17 16 18 18 -1 -1 -1 -1 -1 -1
124 15 17 17 -1 -1 -1 -1 -1 -1 -1 -1 -1
124 15 17 17 16 18 18 18 20 20 21 21 21
124 15 17 17 16 18 18 18 20 20 -1 -1 -1
124 15 17 17 16 18 18 -1 -1 -1 -1 -1 -1
124 15 17 17 -1 -1 -1 -1 -1 -1 -1 -1 -1
128 15 17 17 16 18 18 18 20 20 21 21 21
128 15 17 17 16 18 18 18 20 20 -1 -1 -1
128 15 17 17 16 18 18 -1 -1 -1 -1 -1 -1
128 15 17 17 -1 -1 -1 -1 -1 -1 -1 -1 -1
128 15 17 17 16 18 18 18 20 20 21 21 21
128 15 17 17 16 18 18 18 20 20 -1 -1 -1
128 15 17 17 16 18 18 -1 -1 -1 -1 -1 -1
128 15 17 17 -1 -1 -1 -1 -1 -1 -1 -1 -1
132 17 17 17 18 18 18 20 20 20 21 21 21
132 17 17 17 18 18 18 20 20 20 -1 -1 -1
132 17 17 17 18 18 18 -1 -1 -1 -1 -1 -1
132 17 17 17 -1 -1 -1 -1 -1 -1 -1 -1 -1
132 17 17 17 18 18 18 20 20 20 21 21 21
132 17 17 17 18 18 18 20 20 20 -1 -1 -1
132 17 17 17 18 18 18 -1 -1 -1 -1 -1 -1
132 17 17 17 -1 -1 -1 -1 -1 -1 -1 -1 -1
136 17 17 17 18 18 18 20 20 20 21 21 21
136 17 17 17 18 18 18 20 20 20 -1 -1 -1
136 17 17 17 18 18 18 -1 -1 -1 -1 -1 -1
136 17 17 17 -1 -1 -1 -1 -1 -1 -1 -1 -1
136 17 17 17 18 18 18 20 20 20 21 21 21
136 17 17 17 18 18 18 20 20 20 -1 -1 -1
136 17 17 17 18 18 18 -1 -1 -1 -1 -1 -1
136 17 17 17 -1 -1 -1 -1 -1 -1 -1 -1 -1
140 17 17 17 18 18 18 20 20 20 21 21 21
140 17 17 17 18 18 18 20 20 20 -1 -1 -1
140 17 17 17 18 18 18 -1 -1 -1 -1 -1 -1
140 17 17 17 -1 -1 -1 -1 -1 -1 -1 -1 -1
140 17 17 17 18 18 18 20 20 20 21 21 21
140 17 17 17 18 18 18 20 20 20 -1 -1 -1
140 17 17 17 18 18 18 -1 -1 -1 -1 -1 -1
140 17 17 17 -1 -1 -1 -1 -1 -1 -1 -1 -1
144 17 17 17 18 18 18 20 20 20 21 21 21
144 17 17 17 18 18 18 20 20 20 -1 -1 -1
144 17 17 17 18 18 18 -1 -1 -1 -1 -1 -1
144 17 17 17 -1 -1 -1 -1 -1 -1 -1 -1 -1
144 17 17 17 18 18 18 20 20 20 21 21 21
144 17 17 17 18 18 18 20 20 20 -1 -1 -1
144 17 17 17 18 18 18 -1 -1 -1 -1 -1 -1
144 17 17 17 -1 -1 -1 -1 -1 -1 -1 -1 -1
*band 4 us
149 19 19 21 21 21 21 21 21 21 21 21 21
149 19 19 21 21 21 21 21 21 21 -1 -1 -1
149 19 19 21 21 21 21 -1 -1 -1 -1 -1 -1
149 19 19 21 -1 -1 -1 -1 -1 -1 -1 -1 -1
149 19 19 21 21 21 21 21 21 21 21 21 21
149 19 19 21 21 21 21 21 21 21 -1 -1 -1
149 19 19 21 21 21 21 -1 -1 -1 -1 -1 -1
149 19 19 21 -1 -1 -1 -1 -1 -1 -1 -1 -1
153 19 19 21 21 21 21 21 21 21 21 21 21
153 19 19 21 21 21 21 21 21 21 -1 -1 -1
153 19 19 21 21 21 21 -1 -1 -1 -1 -1 -1
153 19 19 21 -1 -1 -1 -1 -1 -1 -1 -1 -1
153 19 19 21 21 21 21 21 21 21 21 21 21
153 19 19 21 21 21 21 21 21 21 -1 -1 -1
153 19 19 21 21 21 21 -1 -1 -1 -1 -1 -1
153 19 19 21 -1 -1 -1 -1 -1 -1 -1 -1 -1
157 19 21 21 21 21 21 21 21 21 21 21 21
157 19 21 21 21 21 21 21 21 21 -1 -1 -1
157 19 21 21 21 21 21 -1 -1 -1 -1 -1 -1
157 19 21 21 -1 -1 -1 -1 -1 -1 -1 -1 -1
157 19 20 21 21 21 21 21 21 21 21 21 21
157 19 21 21 21 21 21 21 21 21 -1 -1 -1
157 19 21 21 21 21 21 -1 -1 -1 -1 -1 -1
157 19 21 21 -1 -1 -1 -1 -1 -1 -1 -1 -1
161 19 21 21 21 21 21 21 21 21 21 21 21
161 19 21 21 21 21 21 21 21 21 -1 -1 -1
161 19 21 21 21 21 21 -1 -1 -1 -1 -1 -1
161 19 21 21 -1 -1 -1 -1 -1 -1 -1 -1 -1
161 19 20 21 21 21 21 21 21 21 21 21 21
161 19 21 21 21 21 21 21 21 21 -1 -1 -1
161 19 21 21 21 21 21 -1 -1 -1 -1 -1 -1
161 19 21 21 -1 -1 -1 -1 -1 -1 -1 -1 -1
165 -1 -1 21 -1 -1 21 -1 -1 21 -1 -1 21
165 -1 -1 21 -1 -1 21 -1 -1 21 -1 -1 -1
165 -1 -1 21 -1 -1 21 -1 -1 -1 -1 -1 -1
165 -1 -1 21 -1 -1 -1 -1 -1 -1 -1 -1 -1
165 -1 -1 21 -1 -1 21 -1 -1 21 -1 -1 21
165 -1 -1 21 -1 -1 21 -1 -1 21 -1 -1 -1
165 -1 -1 21 -1 -1 21 -1 -1 -1 -1 -1 -1
165 -1 -1 21 -1 -1 -1 -1 -1 -1 -1 -1 -1
169 -1 -1 21 -1 -1 21 -1 -1 21 -1 -1 21
169 -1 -1 21 -1 -1 21 -1 -1 21 -1 -1 -1
169 -1 -1 21 -1 -1 21 -1 -1 -1 -1 -1 -1
169 -1 -1 21 -1 -1 -1 -1 -1 -1 -1 -1 -1
169 -1 -1 21 -1 -1 21 -1 -1 21 -1 -1 21
169 -1 -1 21 -1 -1 21 -1 -1 21 -1 -1 -1
169 -1 -1 21 -1 -1 21 -1 -1 -1 -1 -1 -1
169 -1 -1 21 -1 -1 -1 -1 -1 -1 -1 -1 -1
