0,
3083,
4886,
6166,
7158,
7969,
8654,
9248,
9772,
10240,
10664,
11051,
11407,
11737,
12044,
12331,
12600,
12854,
13095,
13323,
13540,
13747,
13945,
14134,
14315,
14490,
14658,
14819,
14975,
15126,
15272,
15413,
15550,
15683,
15812,
15937,
16059,
16177,
16293,
16406,
16515,
16623,
16727,
16829,
16929,
17027,
17123,
17216,
17308,
17398,
17486,
17572,
17657,
17740,
17822,
17902,
17981,
18058,
18134,
18209,
18282,
18355,
18426,
18496,
18565,
18633,
18700,
18765,
18830,
18894,
18957,
19020,
19081,
19141,
19201,
19260,
19318,
19376,
19432,
19488,
19543,
19598,
19652,
19705,
19758,
19810,
19861,
19912,
19962,
20012,
20061,
20110,
20158,
20205,
20252,
20299,
20345,
20391,
20436,
20480,
20525,
20569,
20612,
20655,
20697,
20740,
20781,
20823,
20864,
20904,
20945,
20984,
21024,
21063,
21102,
21141,
21179,
21217,
21254,
21291,
21328,
21365,
21401,
21437,
21473,
21508,
21543,
21578,
21613,
21647,
21681,
21715,
21749,
21782,
21815,
21848,
21881,
21913,
21945,
21977,
22009,
22040,
22071,
22102,
22133,
22163,
22194,
22224,
22254,
22284,
22313,
22343,
22372,
22401,
22429,
22458,
22487,
22515,
22543,
22571,
22598,
22626,
22653,
22681,
22708,
22734,
22761,
22788,
22814,
22840,
22866,
22892,
22918,
22944,
22969,
22995,
23020,
23045,
23070,
23094,
23119,
23144,
23168,
23192,
23216,
23240,
23264,
23288,
23311,
23335,
23358,
23382,
23405,
23428,
23450,
23473,
23496,
23518,
23541,
23563,
23585,
23607,
23629,
23651,
23673,
23695,
23716,
23737,
23759,
23780,
23801,
23822,
23843,
23864,
23885,
23905,
23926,
23946,
23967,
23987,
24007,
24027,
24047,
24067,
24087,
24107,
24126,
24146,
24165,
24185,
24204,
24223,
24242,
24261,
24280,
24299,
24318,
24337,
24355,
24374,
24392,
24411,
24429,
24447,
24466,
24484,
24502,
24520,
24538,
24555,
24573,
24591,
24608,
24626,
24643,
24661,
24678,
24695,
24713,
24730,
24747,
24764,
24781,
24798,
24815,
24831,
24848,
24865,
24881,
24898,
24914,
24930,
24947,
24963,
24979,
24995,
25011,
25028,
25043,
25059,
25075,
25091,
25107,
25122,
25138,
25154,
25169,
25185,
25200,
25215,
25231,
25246,
25261,
25276,
25291,
25307,
25322,
25336,
25351,
25366,
25381,
25396,
25410,
25425,
25440,
25454,
25469,
25483,
25498,
25512,
25526,
25541,
25555,
25569,
25583,
25597,
25611,
25625,
25639,
25653,
25667,
25681,
25695,
25708,
25722,
25736,
25749,
25763,
25777,
25790,
25804,
25817,
25830,
25844,
25857,
25870,
25883,
25897,
25910,
25923,
25936,
25949,
25962,
25975,
25988,
26001,
26013,
26026,
26039,
26052,
26064,
26077,
26090,
26102,
26115,
26127,
26140,
26152,
26165,
26177,
26189,
26202,
26214,
26226,
26238,
26251,
26263,
26275,
26287,
26299,
26311,
26323,
26335,
26347,
26359,
26370,
26382,
26394,
26406,
26417,
26429,
26441,
26452,
26464,
26476,
26487,
26499,
26510,
26522,
26533,
26544,
26556,
26567,
26578,
26590,
26601,
26612,
26623,
26634,
26646,
26657,
26668,
26679,
26690,
26701,
26712,
26723,
26734,
26745,
26755,
26766,
26777,
26788,
26799,
26809,
26820,
26831,
26841,
26852,
26863,
26873,
26884,
26894,
26905,
26915,
26926,
26936,
26946,
26957,
26967,
26978,
26988,
26998,
27008,
27019,
27029,
27039,
27049,
27059,
27069,
27080,
27090,
27100,
27110,
27120,
27130,
27140,
27150,
27160,
27169,
27179,
27189,
27199,
27209,
27219,
27228,
27238,
27248,
27257,
27267,
27277,
27286,
27296,
27306,
27315,
27325,
27334,
27344,
27353,
27363,
27372,
27382,
27391,
27400,
27410,
27419,
27429,
27438,
27447,
27456,
27466,
27475,
27484,
27493,
27502,
27512,
27521,
27530,
27539,
27548,
27557,
27566,
27575,
27584,
27593,
27602,
27611,
27620,
27629,
27638,
27647,
27656,
27665,
27673,
27682,
27691,
27700,
27709,
27717,
27726,
27735,
27743,
27752,
27761,
27769,
27778,
27787,
27795,
27804,
27812,
27821,
27829,
27838,
27846,
27855,
27863,
27872,
27880,
27889,
27897,
27905,
27914,
27922,
27931,
27939,
27947,
27955,
27964,
27972,
27980,
27988,
27997,
28005,
28013,
28021,
28029,
28037,
28046,
28054,
28062,
28070,
28078,
28086,
28094,
28102,
28110,
28118,
28126,
28134,
28142,
28150,
28158,
28166,
28174,
28181,
28189,
28197,
28205,
28213,
28221,
28228,
28236,
28244,
28252,
28259,
28267,
28275,
28283,
28290,
28298,
28306,
28313,
28321,
28329,
28336,
28344,
28351,
28359,
28366,
28374,
28382,
28389,
28397,
28404,
28412,
28419,
28426,
28434,
28441,
28449,
28456,
28464,
28471,
28478,
28486,
28493,
28500,
28508,
28515,
28522,
28530,
28537,
28544,
28551,
28559,
28566,
28573,
28580,
28587,
28595,
28602,
28609,
28616,
28623,
28630,
28637,
28645,
28652,
28659,
28666,
28673,
28680,
28687,
28694,
28701,
28708,
28715,
28722,
28729,
28736,
28743,
28750,
28757,
28763,
28770,
28777,
28784,
28791,
28798,
28805,
28812,
28818,
28825,
28832,
28839,
28846,
28852,
28859,
28866,
28873,
28879,
28886,
28893,
28900,
28906,
28913,
28920,
28926,
28933,
28940,
28946,
28953,
28959,
28966,
28973,
28979,
28986,
28992,
28999,
29005,
29012,
29018,
29025,
29031,
29038,
29044,
29051,
29057,
29064,
29070,
29077,
29083,
29090,
29096,
29102,
29109,
29115,
29122,
29128,
29134,
29141,
29147,
29153,
29160,
29166,
29172,
29179,
29185,
29191,
29197,
29204,
29210,
29216,
29222,
29229,
29235,
29241,
29247,
29253,
29260,
29266,
29272,
29278,
29284,
29290,
29296,
29303,
29309,
29315,
29321,
29327,
29333,
29339,
29345,
29351,
29357,
29363,
29369,
29375,
29381,
29387,
29393,
29399,
29405,
29411,
29417,
29423,
29429,
29435,
29441,
29447,
29453,
29459,
29465,
29471,
29477,
29482,
29488,
29494,
29500,
29506,
29512,
29518,
29523,
29529,
29535,
29541,
29547,
29552,
29558,
29564,
29570,
29575,
29581,
29587,
29593,
29598,
29604,
29610,
29616,
29621,
29627,
29633,
29638,
29644,
29650,
29655,
29661,
29667,
29672,
29678,
29683,
29689,
29695,
29700,
29706,
29711,
29717,
29723,
29728,
29734,
29739,
29745,
29750,
29756,
29761,
29767,
29772,
29778,
29783,
29789,
29794,
29800,
29805,
29811,
29816,
29822,
29827,
29833,
29838,
29843,
29849,
29854,
29860,
29865,
29870,
29876,
29881,
29886,
29892,
29897,
29903,
29908,
29913,
29919,
29924,
29929,
29935,
29940,
29945,
29950,
29956,
29961,
29966,
29972,
29977,
29982,
29987,
29993,
29998,
30003,
30008,
30013,
30019,
30024,
30029,
30034,
30039,
30045,
30050,
30055,
30060,
30065,
30070,
30076,
30081,
30086,
30091,
30096,
30101,
30106,
30111,
30116,
30122,
30127,
30132,
30137,
30142,
30147,
30152,
30157,
30162,
30167,
30172,
30177,
30182,
30187,
30192,
30197,
30202,
30207,
30212,
30217,
30222,
30227,
30232,
30237,
30242,
30247,
30252,
30257,
30262,
30267,
30272,
30277,
30281,
30286,
30291,
30296,
30301,
30306,
30311,
30316,
30321,
30325,
30330,
30335,
30340,
30345,
30350,
30355,
30359,
30364,
30369,
30374,
30379,
30383,
30388,
30393,
30398,
30403,
30407,
30412,
30417,
30422,
30426,
30431,
30436,
30441,
30445,
30450,
30455,
30459,
30464,
30469,
30474,
30478,
30483,
30488,
30492,
30497,
30502,
30506,
30511,
30516,
30520,
30525,
30530,
30534,
30539,
30544,
30548,
30553,
30557,
30562,
30567,
30571,
30576,
30580,
30585,
30590,
30594,
30599,
30603,
30608,
30612,
30617,
30622,
30626,
30631,
30635,
30640,
30644,
30649,
30653,
30658,
30662,
30667,
30671,
30676,
30680,
30685,
30689,
30694,
30698,
30703,
30707,
30712,
30716,
30720,
30725,
30729,
30734,
30738,
30743,
30747,
30752,
30756,
30760,
30765,
30769,
30774,
30778,
30782,
30787,
30791,
30795,
30800,
30804,
30809,
30813,
30817,
30822,
30826,
30830,
30835,
30839,
30843,
30848,
30852,
30856,
30861,
30865,
30869,
30873,
30878,
30882,
30886,
30891,
30895,
30899,
30903,
30908,
30912,
30916,
30921,
30925,
30929,
30933,
30937,
30942,
30946,
30950,
30954,
30959,
30963,
30967,
30971,
30975,
30980,
30984,
30988,
30992,
30996,
31001,
31005,
31009,
31013,
31017,
31021,
31026,
31030,
31034,
31038,
31042,
31046,
31050,
31055,
31059,
31063,
31067,
31071,
31075,
31079,
31083,
31087,
31091,
31096,
31100,
31104,
31108,
31112,
31116,
31120,
31124,
31128,
31132,
31136,
31140,
31144,
31148,
31152,
31156,
31161,
31165,
31169,
31173,
31177,
31181,
31185,
31189,
31193,
31197,
31201,
31205,
31209,
31213,
31217,
31221,
31224,
31228,
31232,
31236,
31240,
31244,
31248,
31252,
31256,
31260,
31264,
31268,
31272,
31276,
31280,
31284,
31288,
31291,
31295,
31299,
31303,
31307,
31311,
31315,
31319,
31323,
31327,
31330,
31334,
31338,
31342,
31346,
31350,
31354,
31357,
31361,
31365,
31369,
31373,
31377,
31381,
31384,
31388,
31392,
31396,
31400,
31403,
31407,
31411,
31415,
31419,
31423,
31426,
31430,
31434,
31438,
31441,
31445,
31449,
31453,
31457,
31460,
31464,
31468,
31472,
31475,
31479,
31483,
31487,
31490,
31494,
31498,
31502,
31505,
31509,
31513,
31516,
31520,
31524,
31528,
31531,
31535,
31539,
31542,
31546,
31550,
31553,
31557,
31561,
31565,
31568,
31572,
31576,
31579,
31583,
31587,
31590,
31594,
31598,
31601,
31605,
31608,
31612,
31616,
31619,
31623,
31627,
31630,
31634,
31638,
31641,
31645,
31648,
31652,
31656,
31659,
31663,
31666,
31670,
31674,
31677,
31681,
31684,
31688,
31691,
31695,
31699,
31702,
31706,
31709,
31713,
31716,
31720,
31724,
31727,
31731,
31734,
31738,
31741,
31745,
31748,
31752,
31755,
31759,
31762,
31766,
31769,
31773,
31776,
31780,
31783,
31787,
31790,
31794,
31797,
31801,
31804,
31808,
31811,
31815,
31818,
31822,
31825,
31829,
31832,
31836,
31839,
31843,
31846,
31849,
31853,
31856,
31860,
31863,
31867,
31870,
31874,
31877,
31880,
31884,
31887,
31891,
31894,
31898,
31901,
31904,
31908,
31911,
31915,
31918,
31921,
31925,
31928,
31932,
31935,
31938,
31942,
31945,
31948,
31952,
31955,
31959,
31962,
31965,
31969,
31972,
31975,
31979,
31982,
31985,
31989,
31992,
31995,
31999,
32002,
32005,
32009,
32012,
32015,
32019,
32022,
32025,
32029,
32032,
32035,
32039,
32042,
32045,
32049,
32052,
32055,
32058,
32062,
32065,
32068,
32072,
32075,
32078,
32081,
32085,
32088,
32091,
32094,
32098,
32101,
32104,
32108,
32111,
32114,
32117,
32121,
32124,
32127,
32130,
32133,
32137,
32140,
32143,
32146,
32150,
32153,
32156,
32159,
32163,
32166,
32169,
32172,
32175,
32179,
32182,
32185,
32188,
32191,
32195,
32198,
32201,
32204,
32207,
32210,
32214,
32217,
32220,
32223,
32226,
32230,
32233,
32236,
32239,
32242,
32245,
32249,
32252,
32255,
32258,
32261,
32264,
32267,
32271,
32274,
32277,
32280,
32283,
32286,
32289,
32292,
32296,
32299,
32302,
32305,
32308,
32311,
32314,
32317,
32320,
32324,
32327,
32330,
32333,
32336,
32339,
32342,
32345,
32348,
32351,
32354,
32358,
32361,
32364,
32367,
32370,
32373,
32376,
32379,
32382,
32385,
32388,
32391,
32394,
32397,
32400,
32403,
32407,
32410,
32413,
32416,
32419,
32422,
32425,
32428,
32431,
32434,
32437,
32440,
32443,
32446,
32449,
32452,
32455,
32458,
32461,
32464,
32467,
32470,
32473,
32476,
32479,
32482,
32485,
32488,
32491,
32494,
32497,
32500,
32503,
32506,
32509,
32512,
32515,
32518,
32521,
32524,
32527,
32530,
32533,
32536,
32538,
32541,
32544,
32547,
32550,
32553,
32556,
32559,
32562,
32565,
32568,
32571,
32574,
32577,
32580,
32583,
32586,
32588,
32591,
32594,
32597,
32600,
32603,
32606,
32609,
32612,
32615,
32618,
32620,
32623,
32626,
32629,
32632,
32635,
32638,
32641,
32644,
32646,
32649,
32652,
32655,
32658,
32661,
32664,
32667,
32669,
32672,
32675,
32678,
32681,
32684,
32687,
32690,
32692,
32695,
32698,
32701,
32704,
32707,
32709,
32712,
32715,
32718,
32721,
32724,
32727,
32729,
32732,
32735,
32738,
32741,
32743,
32746,
32749,
32752,
32755,
32758,
32760,
32763,
32766,
32769,
32772,
32774,
32777,
32780,
32783,
32786,
32788,
32791,
32794,
32797,
32800,
32802,
32805,
32808,
32811,
32813,
32816,
32819,
32822,
32825,
32827,
32830,
32833,
32836,
32838,
32841,
32844,
32847,
32849,
32852,
32855,
32858,
32860,
32863,
32866,
32869,
32871,
32874,
32877,
32880,
32882,
32885,
32888,
32891,
32893,
32896,
32899,
32901,
32904,
32907,
32910,
32912,
32915,
32918,
32921,
32923,
32926,
32929,
32931,
32934,
32937,
32939,
32942,
32945,
32948,
32950,
32953,
32956,
32958,
32961,
32964,
32966,
32969,
32972,
32974,
32977,
32980,
32982,
32985,
32988,
32990,
32993,
32996,
32998,
33001,
33004,
33006,
33009,
33012,
33014,
33017,
33020,
33022,
33025,
33028,
33030,
33033,
33036,
33038,
33041,
33044,
33046,
33049,
33051,
33054,
33057,
33059,
33062,
33065,
33067,
33070,
33072,
33075,
33078,
33080,
33083,
33086,
33088,
33091,
33093,
33096,
33099,
33101,
33104,
33106,
33109,
33112,
33114,
33117,
33119,
33122,
33125,
33127,
33130,
33132,
33135,
33137,
33140,
33143,
33145,
33148,
33150,
33153,
33156,
33158,
33161,
33163,
33166,
33168,
33171,
33173,
33176,
33179,
33181,
33184,
33186,
33189,
33191,
33194,
33196,
33199,
33202,
33204,
33207,
33209,
33212,
33214,
33217,
33219,
33222,
33224,
33227,
33229,
33232,
33235,
33237,
33240,
33242,
33245,
33247,
33250,
33252,
33255,
33257,
33260,
33262,
33265,
33267,
33270,
33272,
33275,
33277,
33280,
33282,
33285,
33287,
33290,
33292,
33295,
33297,
33300,
33302,
33305,
33307,
33310,
33312,
33315,
33317,
33320,
33322,
33325,
33327,
33330,
33332,
33334,
33337,
33339,
33342,
33344,
33347,
33349,
33352,
33354,
33357,
33359,
33362,
33364,
33366,
33369,
33371,
33374,
33376,
33379,
33381,
33384,
33386,
33389,
33391,
33393,
33396,
33398,
33401,
33403,
33406,
33408,
33410,
33413,
33415,
33418,
33420,
33423,
33425,
33427,
33430,
33432,
33435,
33437,
33439,
33442,
33444,
33447,
33449,
33452,
33454,
33456,
33459,
33461,
33464,
33466,
33468,
33471,
33473,
33476,
33478,
33480,
33483,
33485,
33487,
33490,
33492,
33495,
33497,
33499,
33502,
33504,
33507,
33509,
33511,
33514,
33516,
33518,
33521,
33523,
33526,
33528,
33530,
33533,
33535,
33537,
33540,
33542,
33544,
33547,
33549,
33551,
33554,
33556,
33559,
33561,
33563,
33566,
33568,
33570,
33573,
33575,
33577,
33580,
33582,
33584,
33587,
33589,
33591,
33594,
33596,
33598,
33601,
33603,
33605,
33608,
33610,
33612,
33615,
33617,
33619,
33622,
33624,
33626,
33628,
33631,
33633,
33635,
33638,
33640,
33642,
33645,
33647,
33649,
33652,
33654,
33656,
33658,
33661,
33663,
33665,
33668,
33670,
33672,
33674,
33677,
33679,
33681,
33684,
33686,
33688,
33690,
33693,
33695,
33697,
33700,
33702,
33704,
33706,
33709,
33711,
33713,
33715,
33718,
33720,
33722,
33725,
33727,
33729,
33731,
33734,
33736,
33738,
33740,
33743,
33745,
33747,
33749,
33752,
33754,
33756,
33758,
33761,
33763,
33765,
33767,
33770,
33772,
33774,
33776,
33779,
33781,
33783,
33785,
33787,
33790,
33792,
33794,
33796,
33799,
33801,
33803,
33805,
33807,
33810,
33812,
33814,
33816,
33819,
33821,
33823,
33825,
33827,
33830,
33832,
33834,
33836,
33838,
33841,
33843,
33845,
33847,
33849,
33852,
33854,
33856,
33858,
33860,
33863,
33865,
33867,
33869,
33871,
33874,
33876,
33878,
33880,
33882,
33885,
33887,
33889,
33891,
33893,
33895,
33898,
33900,
33902,
33904,
33906,
33909,
33911,
33913,
33915,
33917,
33919,
33922,
33924,
33926,
33928,
33930,
33932,
33935,
33937,
33939,
33941,
33943,
33945,
33947,
33950,
33952,
33954,
33956,
33958,
33960,
33962,
33965,
33967,
33969,
33971,
33973,
33975,
33977,
33980,
33982,
33984,
33986,
33988,
33990,
33992,
33995,
33997,
33999,
34001,
34003,
34005,
34007,
34009,
34012,
34014,
34016,
34018,
34020,
34022,
34024,
34026,
34028,
34031,
34033,
34035,
34037,
34039,
34041,
34043,
34045,
34047,
34050,
34052,
34054,
34056,
34058,
34060,
34062,
34064,
34066,
34068,
34071,
34073,
34075,
34077,
34079,
34081,
34083,
34085,
34087,
34089,
34091,
34094,
34096,
34098,
34100,
34102,
34104,
34106,
34108,
34110,
34112,
34114,
34116,
34118,
34121,
34123,
34125,
34127,
34129,
34131,
34133,
34135,
34137,
34139,
34141,
34143,
34145,
34147,
34149,
34151,
34154,
34156,
34158,
34160,
34162,
34164,
34166,
34168,
34170,
34172,
34174,
34176,
34178,
34180,
34182,
34184,
34186,
34188,
34190,
34192,
34194,
34196,
34199,
34201,
34203,
34205,
34207,
34209,
34211,
34213,
34215,
34217,
34219,
34221,
34223,
34225,
34227,
34229,
34231,
34233,
34235,
34237,
34239,
34241,
34243,
34245,
34247,
34249,
34251,
34253,
34255,
34257,
34259,
34261,
34263,
34265,
34267,
34269,
34271,
34273,
34275,
34277,
34279,
34281,
34283,
34285,
34287,
34289,
34291,
34293,
34295,
34297,
34299,
34301,
34303,
34305,
34307,
34309,
34311,
34313,
34315,
34317,
34319,
34321,
34323,
34325,
34327,
34329,
34331,
34333,
34335,
34337,
34339,
34341,
34343,
34345,
34347,
34349,
34351,
34352,
34354,
34356,
34358,
34360,
34362,
34364,
34366,
34368,
34370,
34372,
34374,
34376,
34378,
34380,
34382,
34384,
34386,
34388,
34390,
34392,
34394,
34395,
34397,
34399,
34401,
34403,
34405,
34407,
34409,
34411,
34413,
34415,
34417,
34419,
34421,
34423,
34425,
34427,
34428,
34430,
34432,
34434,
34436,
34438,
34440,
34442,
34444,
34446,
34448,
34450,
34452,
34454,
34455,
34457,
34459,
34461,
34463,
34465,
34467,
34469,
34471,
34473,
34475,
34476,
34478,
34480,
34482,
34484,
34486,
34488,
34490,
34492,
34494,
34496,
34497,
34499,
34501,
34503,
34505,
34507,
34509,
34511,
34513,
34515,
34516,
34518,
34520,
34522,
34524,
34526,
34528,
34530,
34532,
34533,
34535,
34537,
34539,
34541,
34543,
34545,
34547,
34549,
34550,
34552,
34554,
34556,
34558,
34560,
34562,
34564,
34565,
34567,
34569,
34571,
34573,
34575,
34577,
34579,
34580,
34582,
34584,
34586,
34588,
34590,
34592,
34593,
34595,
34597,
34599,
34601,
34603,
34605,
34606,
34608,
34610,
34612,
34614,
34616,
34618,
34619,
34621,
34623,
34625,
34627,
34629,
34631,
34632,
34634,
34636,
34638,
34640,
34642,
34643,
34645,
34647,
34649,
34651,
34653,
34654,
34656,
34658,
34660,
34662,
34664,
34665,
34667,
34669,
34671,
34673,
34675,
34676,
34678,
34680,
34682,
34684,
34686,
34687,
34689,
34691,
34693,
34695,
34696,
34698,
34700,
34702,
34704,
34706,
34707,
34709,
34711,
34713,
34715,
34716,
34718,
34720,
34722,
34724,
34725,
34727,
34729,
34731,
34733,
34735,
34736,
34738,
34740,
34742,
34744,
34745,
34747,
34749,
34751,
34753,
34754,
34756,
34758,
34760,
34761,
34763,
34765,
34767,
34769,
34770,
34772,
34774,
34776,
34778,
34779,
34781,
34783,
34785,
34787,
34788,
34790,
34792,
34794,
34795,
34797,
34799,
34801,
34803,
34804,
34806,
34808,
34810,
34811,
34813,
34815,
34817,
34818,
34820,
34822,
34824,
34826,
34827,
34829,
34831,
34833,
34834,
34836,
34838,
34840,
34841,
34843,
34845,
34847,
34848,
34850,
34852,
34854,
34855,
34857,
34859,
34861,
34862,
34864,
34866,
34868,
34869,
34871,
34873,
34875,
34876,
34878,
34880,
34882,
34883,
34885,
34887,
34889,
34890,
34892,
34894,
34896,
34897,
34899,
34901,
34903,
34904,
34906,
34908,
34910,
34911,
34913,
34915,
34916,
34918,
34920,
34922,
34923,
34925,
34927,
34929,
34930,
34932,
34934,
34935,
34937,
34939,
34941,
34942,
34944,
34946,
34948,
34949,
34951,
34953,
34954,
34956,
34958,
34960,
34961,
34963,
34965,
34966,
34968,
34970,
34972,
34973,
34975,
34977,
34978,
34980,
34982,
34983,
34985,
34987,
34989,
34990,
34992,
34994,
34995,
34997,
34999,
35001,
35002,
35004,
35006,
35007,
35009,
35011,
35012,
35014,
35016,
35017,
35019,
35021,
35023,
35024,
35026,
35028,
35029,
35031,
35033,
35034,
35036,
35038,
35039,
35041,
35043,
35044,
35046,
35048,
35050,
35051,
35053,
35055,
35056,
35058,
35060,
35061,
35063,
35065,
35066,
35068,
35070,
35071,
35073,
35075,
35076,
35078,
35080,
35081,
35083,
35085,
35086,
35088,
35090,
35091,
35093,
35095,
35096,
35098,
35100,
35101,
35103,
35105,
35106,
35108,
35110,
35111,
35113,
35115,
35116,
35118,
35120,
35121,
35123,
35124,
35126,
35128,
35129,
35131,
35133,
35134,
35136,
35138,
35139,
35141,
35143,
35144,
35146,
35148,
35149,
35151,
35152,
35154,
35156,
35157,
35159,
35161,
35162,
35164,
35166,
35167,
35169,
35170,
35172,
35174,
35175,
35177,
35179,
35180,
35182,
35184,
35185,
35187,
35188,
35190,
35192,
35193,
35195,
35197,
35198,
35200,
35201,
35203,
35205,
35206,
35208,
35210,
35211,
35213,
35214,
35216,
35218,
35219,
35221,
35222,
35224,
35226,
35227,
35229,
35231,
35232,
35234,
35235,
35237,
35239,
35240,
35242,
35243,
35245,
35247,
35248,
35250,
35251,
35253,
35255,
35256,
35258,
35260,
35261,
35263,
35264,
35266,
35268,
35269,
35271,
35272,
35274,
35276,
35277,
35279,
35280,
35282,
35283,
35285,
35287,
35288,
35290,
35291,
35293,
35295,
35296,
35298,
35299,
35301,
35303,
35304,
35306,
35307,
35309,
35311,
35312,
35314,
35315,
35317,
35318,
35320,
35322,
35323,
35325,
35326,
35328,
35329,
35331,
35333,
35334,
35336,
35337,
35339,
35341,
35342,
35344,
35345,
35347,
35348,
35350,
35352,
35353,
35355,
35356,
35358,
35359,
35361,
35362,
35364,
35366,
35367,
35369,
35370,
35372,
35373,
35375,
35377,
35378,
35380,
35381,
35383,
35384,
35386,
35387,
35389,
35391,
35392,
35394,
35395,
35397,
35398,
35400,
35401,
35403,
35405,
35406,
35408,
35409,
35411,
35412,
35414,
35415,
35417,
35418,
35420,
35422,
35423,
35425,
35426,
35428,
35429,
35431,
35432,
35434,
35435,
35437,
35439,
35440,
35442,
35443,
35445,
35446,
35448,
35449,
35451,
35452,
35454,
35455,
35457,
35459,
35460,
35462,
35463,
35465,
35466,
35468,
35469,
35471,
35472,
35474,
35475,
35477,
35478,
35480,
35481,
35483,
35484,
35486,
35488,
35489,
35491,
35492,
35494,
35495,
35497,
35498,
35500,
35501,
35503,
35504,
35506,
35507,
35509,
35510,
35512,
35513,
35515,
35516,
35518,
35519,
35521,
35522,
35524,
35525,
35527,
35528,
35530,
35531,
35533,
35534,
35536,
35538,
35539,
35541,
35542,
35544,
35545,
35547,
35548,
35550,
35551,
35553,
35554,
35556,
35557,
35559,
35560,
35562,
35563,
35565,
35566,
35568,
35569,
35571,
35572,
35573,
35575,
35576,
35578,
35579,
35581,
35582,
35584,
35585,
35587,
35588,
35590,
35591,
35593,
35594,
35596,
35597,
35599,
35600,
35602,
35603,
35605,
35606,
35608,
35609,
35611,
35612,
35614,
35615,
35617,
35618,
35620,
35621,
35622,
35624,
35625,
35627,
35628,
35630,
35631,
35633,
35634,
35636,
35637,
35639,
35640,
35642,
35643,
35645,
35646,
35648,
35649,
35650,
35652,
35653,
35655,
35656,
35658,
35659,
35661,
35662,
35664,
35665,
35667,
35668,
35670,
35671,
35672,
35674,
35675,
35677,
35678,
35680,
35681,
35683,
35684,
35686,
35687,
35688,
35690,
35691,
35693,
35694,
35696,
35697,
35699,
35700,
35702,
35703,
35704,
35706,
35707,
35709,
35710,
35712,
35713,
35715,
35716,
35717,
35719,
35720,
35722,
35723,
35725,
35726,
35728,
35729,
35730,
35732,
35733,
35735,
35736,
35738,
35739,
35741,
35742,
35743,
35745,
35746,
35748,
35749,
35751,
35752,
35753,
35755,
35756,
35758,
35759,
35761,
35762,
35764,
35765,
35766,
35768,
35769,
35771,
35772,
35774,
35775,
35776,
35778,
35779,
35781,
35782,
35783,
35785,
35786,
35788,
35789,
35791,
35792,
35793,
35795,
35796,
35798,
35799,
35801,
35802,
35803,
35805,
35806,
35808,
35809,
35810,
35812,
35813,
35815,
35816,
35818,
35819,
35820,
35822,
35823,
35825,
35826,
35827,
35829,
35830,
35832,
35833,
35834,
35836,
35837,
35839,
35840,
35842,
35843,
35844,
35846,
35847,
35849,
35850,
35851,
35853,
35854,
35856,
35857,
35858,
35860,
35861,
35863,
35864,
35865,
35867,
35868,
35870,
35871,
35872,
35874,
35875,
35877,
35878,
35879,
35881,
35882,
35883,
35885,
35886,
35888,
35889,
35890,
35892,
35893,
35895,
35896,
35897,
35899,
35900,
35902,
35903,
35904,
35906,
35907,
35908,
35910,
35911,
35913,
35914,
35915,
35917,
35918,
35920,
35921,
35922,
35924,
35925,
35926,
35928,
35929,
35931,
35932,
35933,
35935,
35936,
35937,
35939,
35940,
35942,
35943,
35944,
35946,
35947,
35948,
35950,
35951,
35953,
35954,
35955,
35957,
35958,
35959,
35961,
35962,
35964,
35965,
35966,
35968,
35969,
35970,
35972,
35973,
35974,
35976,
35977,
35979,
35980,
35981,
35983,
35984,
35985,
35987,
35988,
35989,
35991,
35992,
35994,
35995,
35996,
35998,
35999,
36000,
36002,
36003,
36004,
36006,
36007,
36008,
36010,
36011,
36013,
36014,
36015,
36017,
36018,
36019,
36021,
36022,
36023,
36025,
36026,
36027,
36029,
36030,
36031,
36033,
36034,
36035,
36037,
36038,
36040,
36041,
36042,
36044,
36045,
36046,
36048,
36049,
36050,
36052,
36053,
36054,
36056,
36057,
36058,
36060,
36061,
36062,
36064,
36065,
36066,
36068,
36069,
36070,
36072,
36073,
36074,
36076,
36077,
36078,
36080,
36081,
36082,
36084,
36085,
36086,
36088,
36089,
36090,
36092,
36093,
36094,
36096,
36097,
36098,
36100,
36101,
36102,
36104,
36105,
36106,
36108,
36109,
36110,
36112,
36113,
36114,
36116,
36117,
36118,
36119,
36121,
36122,
36123,
36125,
36126,
36127,
36129,
36130,
36131,
36133,
36134,
36135,
36137,
36138,
36139,
36141,
36142,
36143,
36144,
36146,
36147,
36148,
36150,
36151,
36152,
36154,
36155,
36156,
36158,
36159,
36160,
36162,
36163,
36164,
36165,
36167,
36168,
36169,
36171,
36172,
36173,
36175,
36176,
36177,
36179,
36180,
36181,
36182,
36184,
36185,
36186,
36188,
36189,
36190,
36192,
36193,
36194,
36195,
36197,
36198,
36199,
36201,
36202,
36203,
36205,
36206,
36207,
36208,
36210,
36211,
36212,
36214,
36215,
36216,
36217,
36219,
36220,
36221,
36223,
36224,
36225,
36226,
36228,
36229,
36230,
36232,
36233,
36234,
36235,
36237,
36238,
36239,
36241,
36242,
36243,
36244,
36246,
36247,
36248,
36250,
36251,
36252,
36253,
36255,
36256,
36257,
36259,
36260,
36261,
36262,
36264,
36265,
36266,
36268,
36269,
36270,
36271,
36273,
36274,
36275,
36276,
36278,
36279,
36280,
36282,
36283,
36284,
36285,
36287,
36288,
36289,
36290,
36292,
36293,
36294,
36296,
36297,
36298,
36299,
36301,
36302,
36303,
36304,
36306,
36307,
36308,
36310,
36311,
36312,
36313,
36315,
36316,
36317,
36318,
36320,
36321,
36322,
36323,
36325,
36326,
36327,
36328,
36330,
36331,
36332,
36333,
36335,
36336,
36337,
36339,
36340,
36341,
36342,
36344,
36345,
36346,
36347,
36349,
36350,
36351,
36352,
36354,
36355,
36356,
36357,
36359,
36360,
36361,
36362,
36364,
36365,
36366,
36367,
36369,
36370,
36371,
36372,
36374,
36375,
36376,
36377,
36379,
36380,
36381,
36382,
36384,
36385,
36386,
36387,
36389,
36390,
36391,
36392,
36394,
36395,
36396,
36397,
36398,
36400,
36401,
36402,
36403,
36405,
36406,
36407,
36408,
36410,
36411,
36412,
36413,
36415,
36416,
36417,
36418,
36420,
36421,
36422,
36423,
36424,
36426,
36427,
36428,
36429,
36431,
36432,
36433,
36434,
36436,
36437,
36438,
36439,
36440,
36442,
36443,
36444,
36445,
36447,
36448,
36449,
36450,
36451,
36453,
36454,
36455,
36456,
36458,
36459,
36460,
36461,
36463,
36464,
36465,
36466,
36467,
36469,
36470,
36471,
36472,
36474,
36475,
36476,
36477,
36478,
36480,
36481,
36482,
36483,
36484,
36486,
36487,
36488,
36489,
36491,
36492,
36493,
36494,
36495,
36497,
36498,
36499,
36500,
36501,
36503,
36504,
36505,
36506,
36508,
36509,
36510,
36511,
36512,
36514,
36515,
36516,
36517,
36518,
36520,
36521,
36522,
36523,
36524,
36526,
36527,
36528,
36529,
36530,
36532,
36533,
36534,
36535,
36536,
36538,
36539,
36540,
36541,
36542,
36544,
36545,
36546,
36547,
36548,
36550,
36551,
36552,
36553,
36554,
36556,
36557,
36558,
36559,
36560,
36562,
36563,
36564,
36565,
36566,
36568,
36569,
36570,
36571,
36572,
36574,
36575,
36576,
36577,
36578,
36580,
36581,
36582,
36583,
36584,
36586,
36587,
36588,
36589,
36590,
36591,
36593,
36594,
36595,
36596,
36597,
36599,
36600,
36601,
36602,
36603,
36605,
36606,
36607,
36608,
36609,
36610,
36612,
36613,
36614,
36615,
36616,
36618,
36619,
36620,
36621,
36622,
36623,
36625,
36626,
36627,
36628,
36629,
36630,
36632,
36633,
36634,
36635,
36636,
36638,
36639,
36640,
36641,
36642,
36643,
36645,
36646,
36647,
36648,
36649,
36650,
36652,
36653,
36654,
36655,
36656,
36657,
36659,
36660,
36661,
36662,
36663,
36665,
36666,
36667,
36668,
36669,
36670,
36672,
36673,
36674,
36675,
36676,
36677,
36678,
36680,
36681,
36682,
36683,
36684,
36685,
36687,
36688,
36689,
36690,
36691,
36692,
36694,
36695,
36696,
36697,
36698,
36699,
36701,
36702,
36703,
36704,
36705,
36706,
36708,
36709,
36710,
36711,
36712,
36713,
36714,
36716,
36717,
36718,
36719,
36720,
36721,
36723,
36724,
36725,
36726,
36727,
36728,
36729,
36731,
36732,
36733,
36734,
36735,
36736,
36738,
36739,
36740,
36741,
36742,
36743,
36744,
36746,
36747,
36748,
36749,
36750,
36751,
36752,
36754,
36755,
36756,
36757,
36758,
36759,
36760,
36762,
36763,
36764,
36765,
36766,
36767,
36768,
36770,
36771,
36772,
36773,
36774,
36775,
36776,
36778,
36779,
36780,
36781,
36782,
36783,
36784,
36786,
36787,
36788,
36789,
36790,
36791,
36792,
36793,
36795,
36796,
36797,
36798,
36799,
36800,
36801,
36803,
36804,
36805,
36806,
36807,
36808,
36809,
36810,
36812,
36813,
36814,
36815,
36816,
36817,
36818,
36820,
36821,
36822,
36823,
36824,
36825,
36826,
36827,
36829,
36830,
36831,
36832,
36833,
36834,
36835,
36836,
36838,
36839,
36840,
36841,
36842,
36843,
36844,
36845,
36847,
36848,
36849,
36850,
36851,
36852,
36853,
36854,
36855,
36857,
36858,
36859,
36860,
36861,
36862,
36863,
36864,
36866,
36867,
36868,
36869,
36870,
36871,
36872,
36873,
36874,
36876,
36877,
36878,
36879,
36880,
36881,
36882,
36883,
36884,
36886,
36887,
36888,
36889,
36890,
36891,
36892,
36893,
36894,
36896,
36897,
36898,
36899,
36900,
36901,
36902,
36903,
36904,
36906,
36907,
36908,
36909,
36910,
36911,
36912,
36913,
36914,
36916,
36917,
36918,
36919,
36920,
36921,
36922,
36923,
36924,
36925,
36927,
36928,
36929,
36930,
36931,
36932,
36933,
36934,
36935,
36936,
36938,
36939,
36940,
36941,
36942,
36943,
36944,
36945,
36946,
36947,
36949,
36950,
36951,
36952,
36953,
36954,
36955,
36956,
36957,
36958,
36959,
36961,
36962,
36963,
36964,
36965,
36966,
36967,
36968,
36969,
36970,
36971,
36973,
36974,
36975,
36976,
36977,
36978,
36979,
36980,
36981,
36982,
36983,
36985,
36986,
36987,
36988,
36989,
36990,
36991,
