*band 0 us
1 10 10 10 11 11 11 12 12 12 13 13 13
1 10 10 10 11 11 11 12 12 12 13 13 13
1 10 10 10 11 11 11 12 12 12 13 13 13
1 10 10 10 11 11 11 12 12 12 13 13 13
1 10 10 10 11 11 11 12 12 12 13 13 13
1 10 10 10 11 11 11 12 12 12 13 13 13
1 10 10 10 11 11 11 12 12 12 13 13 13
1 10 10 10 11 11 11 12 12 12 13 13 13
2 10 10 10 11 11 11 12 12 12 13 13 13
2 10 10 10 11 11 11 12 12 12 13 13 13
2 10 10 10 11 11 11 12 12 12 13 13 13
2 10 10 10 11 11 11 12 12 12 13 13 13
2 10 10 10 11 11 11 12 12 12 13 13 13
2 10 10 10 11 11 11 12 12 12 13 13 13
2 10 10 10 11 11 11 12 12 12 13 13 13
2 10 10 10 11 11 11 12 12 12 13 13 13
3 10 10 10 11 11 11 12 12 12 13 13 13
3 10 10 10 11 11 11 12 12 12 13 13 13
3 10 10 10 11 11 11 12 12 12 13 13 13
3 10 10 10 11 11 11 12 12 12 13 13 13
3 10 10 10 11 11 11 12 12 12 13 13 13
3 10 10 10 11 11 11 12 12 12 13 13 13
3 10 10 10 11 11 11 12 12 12 13 13 13
3 10 10 10 11 11 11 12 12 12 13 13 13
4 10 10 10 11 11 11 12 12 12 13 13 13
4 10 10 10 11 11 11 12 12 12 13 13 13
4 10 10 10 11 11 11 12 12 12 13 13 13
4 10 10 10 11 11 11 12 12 12 13 13 13
4 10 10 10 11 11 11 12 12 12 13 13 13
4 10 10 10 11 11 11 12 12 12 13 13 13
4 10 10 10 11 11 11 12 12 12 13 13 13
4 10 10 10 11 11 11 12 12 12 13 13 13
5 10 10 10 11 11 11 12 12 12 13 13 13
5 10 10 10 11 11 11 12 12 12 13 13 13
5 10 10 10 11 11 11 12 12 12 13 13 13
5 10 10 10 11 11 11 12 12 12 13 13 13
5 10 10 10 11 11 11 12 12 12 13 13 13
5 10 10 10 11 11 11 12 12 12 13 13 13
5 10 10 10 11 11 11 12 12 12 13 13 13
5 10 10 10 11 11 11 12 12 12 13 13 13
6 10 10 10 11 11 11 12 12 12 13 13 13
6 10 10 10 11 11 11 12 12 12 13 13 13
6 10 10 10 11 11 11 12 12 12 13 13 13
6 10 10 10 11 11 11 12 12 12 13 13 13
6 10 10 10 11 11 11 12 12 12 13 13 13
6 10 10 10 11 11 11 12 12 12 13 13 13
6 10 10 10 11 11 11 12 12 12 13 13 13
6 10 10 10 11 11 11 12 12 12 13 13 13
7 10 10 10 11 11 11 12 12 12 13 13 13
7 10 10 10 11 11 11 12 12 12 13 13 13
7 10 10 10 11 11 11 12 12 12 13 13 13
7 10 10 10 11 11 11 12 12 12 13 13 13
7 10 10 10 11 11 11 12 12 12 13 13 13
7 10 10 10 11 11 11 12 12 12 13 13 13
7 10 10 10 11 11 11 12 12 12 13 13 13
7 10 10 10 11 11 11 12 12 12 13 13 13
8 10 10 10 11 11 11 12 12 12 13 13 13
8 10 10 10 11 11 11 12 12 12 13 13 13
8 10 10 10 11 11 11 12 12 12 13 13 13
8 10 10 10 11 11 11 12 12 12 13 13 13
8 10 10 10 11 11 11 12 12 12 13 13 13
8 10 10 10 11 11 11 12 12 12 13 13 13
8 10 10 10 11 11 11 12 12 12 13 13 13
8 10 10 10 11 11 11 12 12 12 13 13 13
9 10 10 10 11 11 11 12 12 12 13 13 13
9 10 10 10 11 11 11 12 12 12 13 13 13
9 10 10 10 11 11 11 12 12 12 13 13 13
9 10 10 10 11 11 11 12 12 12 13 13 13
9 10 10 10 11 11 11 12 12 12 13 13 13
9 10 10 10 11 11 11 12 12 12 13 13 13
9 10 10 10 11 11 11 12 12 12 13 13 13
9 10 10 10 11 11 11 12 12 12 13 13 13
10 10 10 10 11 11 11 12 12 12 13 13 13
10 10 10 10 11 11 11 12 12 12 13 13 13
10 10 10 10 11 11 11 12 12 12 13 13 13
10 10 10 10 11 11 11 12 12 12 13 13 13
10 10 10 10 11 11 11 12 12 12 13 13 13
10 10 10 10 11 11 11 12 12 12 13 13 13
10 10 10 10 11 11 11 12 12 12 13 13 13
10 10 10 10 11 11 11 12 12 12 13 13 13
11 10 10 10 11 11 11 12 12 12 13 13 13
11 10 10 10 11 11 11 12 12 12 13 13 13
11 10 10 10 11 11 11 12 12 12 13 13 13
11 10 10 10 11 11 11 12 12 12 13 13 13
11 10 10 10 11 11 11 12 12 12 13 13 13
11 10 10 10 11 11 11 12 12 12 13 13 13
11 10 10 10 11 11 11 12 12 12 13 13 13
11 10 10 10 11 11 11 12 12 12 13 13 13
12 10 10 10 11 11 11 12 12 12 13 13 13
12 10 10 10 11 11 11 12 12 12 13 13 13
12 10 10 10 11 11 11 12 12 12 13 13 13
12 10 10 10 11 11 11 12 12 12 13 13 13
12 10 10 10 11 11 11 12 12 12 13 13 13
12 10 10 10 11 11 11 12 12 12 13 13 13
12 10 10 10 11 11 11 12 12 12 13 13 13
12 10 10 10 11 11 11 12 12 12 13 13 13
13 10 10 10 11 11 11 12 12 12 13 13 13
13 10 10 10 11 11 11 12 12 12 13 13 13
13 10 10 10 11 11 11 12 12 12 13 13 13
13 10 10 10 11 11 11 12 12 12 13 13 13
13 10 10 10 11 11 11 12 12 12 13 13 13
13 10 10 10 11 11 11 12 12 12 13 13 13
13 10 10 10 11 11 11 12 12 12 13 13 13
13 10 10 10 11 11 11 12 12 12 13 13 13
14 10 10 10 11 11 11 12 12 12 13 13 13
14 10 10 10 11 11 11 12 12 12 13 13 13
14 10 10 10 11 11 11 12 12 12 13 13 13
14 10 10 10 11 11 11 12 12 12 13 13 13
14 10 10 10 11 11 11 12 12 12 13 13 13
14 10 10 10 11 11 11 12 12 12 13 13 13
14 10 10 10 11 11 11 12 12 12 13 13 13
14 10 10 10 11 11 11 12 12 12 13 13 13
*band 1 us
36 18 18 19 19 19 20 20 21 22 23 23 23
36 18 18 19 19 19 20 20 21 22 -1 -1 -1
36 18 18 19 19 19 20 -1 -1 -1 -1 -1 -1
36 18 18 19 -1 -1 -1 -1 -1 -1 -1 -1 -1
36 17 18 19 18 19 20 20 21 22 23 23 23
36 17 18 19 18 19 20 20 21 22 -1 -1 -1
36 18 18 19 19 19 20 -1 -1 -1 -1 -1 -1
36 18 18 19 -1 -1 -1 -1 -1 -1 -1 -1 -1
40 18 18 19 19 19 20 20 21 22 23 23 23
40 18 18 19 19 19 20 20 21 22 -1 -1 -1
40 18 18 19 19 19 20 -1 -1 -1 -1 -1 -1
40 18 18 19 -1 -1 -1 -1 -1 -1 -1 -1 -1
40 17 18 19 18 19 20 20 21 22 23 23 23
40 17 18 19 18 19 20 20 21 22 -1 -1 -1
40 18 18 19 19 19 20 -1 -1 -1 -1 -1 -1
40 18 18 19 -1 -1 -1 -1 -1 -1 -1 -1 -1
44 18 22 23 19 23 23 20 23 23 23 23 23
44 18 22 23 19 23 23 20 23 23 -1 -1 -1
44 18 22 23 19 23 23 -1 -1 -1 -1 -1 -1
44 18 22 23 -1 -1 -1 -1 -1 -1 -1 -1 -1
44 17 22 23 18 23 23 20 23 23 23 23 23
44 17 22 23 18 23 23 20 23 23 -1 -1 -1
44 18 22 23 19 23 23 -1 -1 -1 -1 -1 -1
44 18 22 23 -1 -1 -1 -1 -1 -1 -1 -1 -1
48 18 22 23 19 23 23 20 23 23 23 23 23
48 18 22 23 19 23 23 20 23 23 -1 -1 -1
48 18 22 23 19 23 23 -1 -1 -1 -1 -1 -1
48 18 22 23 -1 -1 -1 -1 -1 -1 -1 -1 -1
48 17 22 23 18 23 23 20 23 23 23 23 23
48 17 22 23 18 23 23 20 23 23 -1 -1 -1
48 18 22 23 19 23 23 -1 -1 -1 -1 -1 -1
48 18 22 23 -1 -1 -1 -1 -1 -1 -1 -1 -1
*band 2 us
52 16 17 17 17 18 18 18 20 20 21 23 23
52 16 17 17 17 18 18 18 20 20 -1 -1 -1
52 16 17 17 17 18 18 -1 -1 -1 -1 -1 -1
52 16 17 17 -1 -1 -1 -1 -1 -1 -1 -1 -1
52 15 16 17 16 17 18 18 19 20 21 22 23
52 15 16 17 16 17 18 18 19 20 -1 -1 -1
52 16 17 17 17 18 18 -1 -1 -1 -1 -1 -1
52 16 17 17 -1 -1 -1 -1 -1 -1 -1 -1 -1
56 16 17 17 17 18 18 18 20 20 21 23 23
56 16 17 17 17 18 18 18 20 20 -1 -1 -1
56 16 17 17 17 18 18 -1 -1 -1 -1 -1 -1
56 16 17 17 -1 -1 -1 -1 -1 -1 -1 -1 -1
56 15 16 17 16 17 18 18 19 20 21 22 23
56 15 16 17 16 17 18 18 19 20 -1 -1 -1
56 16 17 17 17 18 18 -1 -1 -1 -1 -1 -1
56 16 17 17 -1 -1 -1 -1 -1 -1 -1 -1 -1
60 16 17 17 17 18 18 18 20 20 21 23 23
60 16 17 17 17 18 18 18 20 20 -1 -1 -1
60 16 17 17 17 18 18 -1 -1 -1 -1 -1 -1
60 16 17 17 -1 -1 -1 -1 -1 -1 -1 -1 -1
60 15 16 17 16 17 18 18 19 20 21 22 23
60 15 16 17 16 17 18 18 19 20 -1 -1 -1
60 16 17 17 17 18 18 -1 -1 -1 -1 -1 -1
60 16 17 17 -1 -1 -1 -1 -1 -1 -1 -1 -1
64 16 17 17 17 18 18 18 20 20 21 23 23
64 16 17 17 17 18 18 18 20 20 -1 -1 -1
64 16 17 17 17 18 18 -1 -1 -1 -1 -1 -1
64 16 17 17 -1 -1 -1 -1 -1 -1 -1 -1 -1
64 15 16 17 16 17 18 18 19 20 21 22 23
64 15 16 17 16 17 18 18 19 20 -1 -1 -1
64 16 17 17 17 18 18 -1 -1 -1 -1 -1 -1
64 16 17 17 -1 -1 -1 -1 -1 -1 -1 -1 -1
*band 3 us
100 15 16 17 16 17 18 18 19 20 21 22 23
100 15 16 17 16 17 18 18 19 20 -1 -1 -1
100 15 16 17 16 17 18 -1 -1 -1 -1 -1 -1
100 15 16 17 -1 -1 -1 -1 -1 -1 -1 -1 -1
100 15 16 17 16 17 18 18 19 20 21 22 23
100 15 16 17 16 17 18 18 19 20 -1 -1 -1
100 15 16 17 16 17 18 -1 -1 -1 -1 -1 -1
100 15 16 17 -1 -1 -1 -1 -1 -1 -1 -1 -1
104 15 16 17 16 17 18 18 20 20 21 22 23
104 15 16 17 16 17 18 18 20 20 -1 -1 -1
104 15 16 17 16 17 18 -1 -1 -1 -1 -1 -1
104 15 16 17 -1 -1 -1 -1 -1 -1 -1 -1 -1
104 15 16 17 16 17 18 18 20 20 21 22 23
104 15 16 17 16 17 18 18 20 20 -1 -1 -1
104 15 16 17 16 17 18 -1 -1 -1 -1 -1 -1
104 15 16 17 -1 -1 -1 -1 -1 -1 -1 -1 -1
108 15 17 17 16 18 18 18 20 20 21 22 23
108 15 17 17 16 18 18 18 20 20 -1 -1 -1
108 15 17 17 16 18 18 -1 -1 -1 -1 -1 -1
108 15 17 17 -1 -1 -1 -1 -1 -1 -1 -1 -1
108 15 17 17 16 18 18 18 20 20 21 22 23
108 15 17 17 16 18 18 18 20 20 -1 -1 -1
108 15 17 17 16 18 18 -1 -1 -1 -1 -1 -1
108 15 17 17 -1 -1 -1 -1 -1 -1 -1 -1 -1
112 15 17 17 16 18 18 18 20 20 21 22 23
112 15 17 17 16 18 18 18 20 20 -1 -1 -1
112 15 17 17 16 18 18 -1 -1 -1 -1 -1 -1
112 15 17 17 -1 -1 -1 -1 -1 -1 -1 -1 -1
112 15 17 17 16 18 18 18 20 20 21 22 23
112 15 17 17 16 18 18 18 20 20 -1 -1 -1
112 15 17 17 16 18 18 -1 -1 -1 -1 -1 -1
112 15 17 17 -1 -1 -1 -1 -1 -1 -1 -1 -1
116 -1 -1 17 -1 -1 18 -1 -1 20 -1 -1 23
116 -1 -1 17 -1 -1 18 -1 -1 20 -1 -1 -1
116 -1 -1 17 -1 -1 18 -1 -1 -1 -1 -1 -1
116 -1 -1 17 -1 -1 -1 -1 -1 -1 -1 -1 -1
116 -1 -1 17 -1 -1 18 -1 -1 20 -1 -1 23
116 -1 -1 17 -1 -1 18 -1 -1 20 -1 -1 -1
116 -1 -1 17 -1 -1 18 -1 -1 -1 -1 -1 -1
116 -1 -1 17 -1 -1 -1 -1 -1 -1 -1 -1 -1
120 -1 -1 -1 -1 -1 -1 -1 -1 -1 -1 -1 -1
120 -1 -1 -1 -1 -1 -1 -1 -1 -1 -1 -1 -1
120 -1 -1 -1 -1 -1 -1 -1 -1 -1 -1 -1 -1
120 -1 -1 -1 -1 -1 -1 -1 -1 -1 -1 -1 -1
120 -1 -1 -1 -1 -1 -1 -1 -1 -1 -1 -1 -1
120 -1 -1 -1 -1 -1 -1 -1 -1 -1 -1 -1 -1
120 -1 -1 -1 -1 -1 -1 -1 -1 -1 -1 -1 -1
120 -1 -1 -1 -1 -1 -1 -1 -1 -1 -1 -1 -1
124 -1 -1 -1 -1 -1 -1 -1 -1 -1 -1 -1 -1
124 -1 -1 -1 -1 -1 -1 -1 -1 -1 -1 -1 -1
124 -1 -1 -1 -1 -1 -1 -1 -1 -1 -1 -1 -1
124 -1 -1 -1 -1 -1 -1 -1 -1 -1 -1 -1 -1
124 -1 -1 -1 -1 -1 -1 -1 -1 -1 -1 -1 -1
124 -1 -1 -1 -1 -1 -1 -1 -1 -1 -1 -1 -1
124 -1 -1 -1 -1 -1 -1 -1 -1 -1 -1 -1 -1
124 -1 -1 -1 -1 -1 -1 -1 -1 -1 -1 -1 -1
128 -1 -1 -1 -1 -1 -1 -1 -1 -1 -1 -1 -1
128 -1 -1 -1 -1 -1 -1 -1 -1 -1 -1 -1 -1
128 -1 -1 -1 -1 -1 -1 -1 -1 -1 -1 -1 -1
128 -1 -1 -1 -1 -1 -1 -1 -1 -1 -1 -1 -1
128 -1 -1 -1 -1 -1 -1 -1 -1 -1 -1 -1 -1
128 -1 -1 -1 -1 -1 -1 -1 -1 -1 -1 -1 -1
128 -1 -1 -1 -1 -1 -1 -1 -1 -1 -1 -1 -1
128 -1 -1 -1 -1 -1 -1 -1 -1 -1 -1 -1 -1
132 17 17 17 18 18 18 20 20 20 23 23 23
132 17 17 17 18 18 18 20 20 20 -1 -1 -1
132 17 17 17 18 18 18 -1 -1 -1 -1 -1 -1
132 17 17 17 -1 -1 -1 -1 -1 -1 -1 -1 -1
132 14 14 14 17 17 17 20 20 20 23 23 23
132 17 17 17 18 18 18 20 20 20 -1 -1 -1
132 17 17 17 18 18 18 -1 -1 -1 -1 -1 -1
132 17 17 17 -1 -1 -1 -1 -1 -1 -1 -1 -1
136 17 17 17 18 18 18 20 20 20 23 23 23
136 17 17 17 18 18 18 20 20 20 -1 -1 -1
136 17 17 17 18 18 18 -1 -1 -1 -1 -1 -1
136 17 17 17 -1 -1 -1 -1 -1 -1 -1 -1 -1
136 14 14 14 17 17 17 20 20 20 23 23 23
136 17 17 17 18 18 18 20 20 20 -1 -1 -1
136 17 17 17 18 18 18 -1 -1 -1 -1 -1 -1
136 17 17 17 -1 -1 -1 -1 -1 -1 -1 -1 -1
140 17 17 17 18 18 18 20 20 20 23 23 23
140 17 17 17 18 18 18 20 20 20 -1 -1 -1
140 17 17 17 18 18 18 -1 -1 -1 -1 -1 -1
140 17 17 17 -1 -1 -1 -1 -1 -1 -1 -1 -1
140 14 14 14 17 17 17 20 20 20 23 23 23
140 17 17 17 18 18 18 20 20 20 -1 -1 -1
140 17 17 17 18 18 18 -1 -1 -1 -1 -1 -1
140 17 17 17 -1 -1 -1 -1 -1 -1 -1 -1 -1
144 17 17 17 18 18 18 20 20 20 23 23 23
144 17 17 17 18 18 18 20 20 20 -1 -1 -1
144 17 17 17 18 18 18 -1 -1 -1 -1 -1 -1
144 17 17 17 -1 -1 -1 -1 -1 -1 -1 -1 -1
144 14 14 14 17 17 17 20 20 20 23 23 23
144 17 17 17 18 18 18 20 20 20 -1 -1 -1
144 17 17 17 18 18 18 -1 -1 -1 -1 -1 -1
144 17 17 17 -1 -1 -1 -1 -1 -1 -1 -1 -1
*band 4 us
149 23 23 23 23 23 23 23 23 23 23 23 23
149 23 23 23 23 23 23 23 23 23 -1 -1 -1
149 23 23 23 23 23 23 -1 -1 -1 -1 -1 -1
149 23 23 23 -1 -1 -1 -1 -1 -1 -1 -1 -1
149 20 20 20 21 21 21 23 23 23 23 23 23
149 23 23 23 23 23 23 23 23 23 -1 -1 -1
149 23 23 23 23 23 23 -1 -1 -1 -1 -1 -1
149 23 23 23 -1 -1 -1 -1 -1 -1 -1 -1 -1
153 23 23 23 23 23 23 23 23 23 23 23 23
153 23 23 23 23 23 23 23 23 23 -1 -1 -1
153 23 23 23 23 23 23 -1 -1 -1 -1 -1 -1
153 23 23 23 -1 -1 -1 -1 -1 -1 -1 -1 -1
153 20 20 20 21 21 21 23 23 23 23 23 23
153 23 23 23 23 23 23 23 23 23 -1 -1 -1
153 23 23 23 23 23 23 -1 -1 -1 -1 -1 -1
153 23 23 23 -1 -1 -1 -1 -1 -1 -1 -1 -1
157 23 23 23 23 23 23 23 23 23 23 23 23
157 23 23 23 23 23 23 23 23 23 -1 -1 -1
157 23 23 23 23 23 23 -1 -1 -1 -1 -1 -1
157 23 23 23 -1 -1 -1 -1 -1 -1 -1 -1 -1
157 20 20 20 21 21 21 23 23 23 23 23 23
157 23 23 23 23 23 23 23 23 23 -1 -1 -1
157 23 23 23 23 23 23 -1 -1 -1 -1 -1 -1
157 23 23 23 -1 -1 -1 -1 -1 -1 -1 -1 -1
161 23 23 23 23 23 23 23 23 23 23 23 23
161 23 23 23 23 23 23 23 23 23 -1 -1 -1
161 23 23 23 23 23 23 -1 -1 -1 -1 -1 -1
161 23 23 23 -1 -1 -1 -1 -1 -1 -1 -1 -1
161 20 20 20 21 21 21 23 23 23 23 23 23
161 23 23 23 23 23 23 23 23 23 -1 -1 -1
161 23 23 23 23 23 23 -1 -1 -1 -1 -1 -1
161 23 23 23 -1 -1 -1 -1 -1 -1 -1 -1 -1
165 -1 -1 23 -1 -1 23 -1 -1 23 -1 -1 23
165 -1 -1 23 -1 -1 23 -1 -1 23 -1 -1 -1
165 -1 -1 23 -1 -1 23 -1 -1 -1 -1 -1 -1
165 -1 -1 23 -1 -1 -1 -1 -1 -1 -1 -1 -1
165 -1 -1 20 -1 -1 21 -1 -1 23 -1 -1 23
165 -1 -1 23 -1 -1 23 -1 -1 23 -1 -1 -1
165 -1 -1 23 -1 -1 23 -1 -1 -1 -1 -1 -1
165 -1 -1 23 -1 -1 -1 -1 -1 -1 -1 -1 -1
169 -1 -1 23 -1 -1 23 -1 -1 23 -1 -1 23
169 -1 -1 23 -1 -1 23 -1 -1 23 -1 -1 -1
169 -1 -1 23 -1 -1 23 -1 -1 -1 -1 -1 -1
169 -1 -1 23 -1 -1 -1 -1 -1 -1 -1 -1 -1
169 -1 -1 20 -1 -1 21 -1 -1 23 -1 -1 23
169 -1 -1 23 -1 -1 23 -1 -1 23 -1 -1 -1
169 -1 -1 23 -1 -1 23 -1 -1 -1 -1 -1 -1
169 -1 -1 23 -1 -1 -1 -1 -1 -1 -1 -1 -1
