*band 1 eu
36 15 15 15 16 16 16 18 18 18 21 21 21
36 15 15 15 16 16 16 18 18 18 -1 -1 -1
36 15 15 15 16 16 16 -1 -1 -1 -1 -1 -1
36 15 15 15 -1 -1 -1 -1 -1 -1 -1 -1 -1
36 11 11 11 12 12 12 14 14 14 17 17 17
36 13 13 13 14 14 14 16 16 16 -1 -1 -1
36 14 14 14 15 15 15 -1 -1 -1 -1 -1 -1
36 15 15 15 -1 -1 -1 -1 -1 -1 -1 -1 -1
40 15 15 15 16 16 16 18 18 18 21 21 21
40 15 15 15 16 16 16 18 18 18 -1 -1 -1
40 15 15 15 16 16 16 -1 -1 -1 -1 -1 -1
40 15 15 15 -1 -1 -1 -1 -1 -1 -1 -1 -1
40 11 11 11 12 12 12 14 14 14 17 17 17
40 13 13 13 14 14 14 16 16 16 -1 -1 -1
40 14 14 14 15 15 15 -1 -1 -1 -1 -1 -1
40 15 15 15 -1 -1 -1 -1 -1 -1 -1 -1 -1
44 15 15 15 16 16 16 18 18 18 21 21 21
44 15 15 15 16 16 16 18 18 18 -1 -1 -1
44 15 15 15 16 16 16 -1 -1 -1 -1 -1 -1
44 15 15 15 -1 -1 -1 -1 -1 -1 -1 -1 -1
44 11 11 11 12 12 12 14 14 14 17 17 17
44 13 13 13 14 14 14 16 16 16 -1 -1 -1
44 14 14 14 15 15 15 -1 -1 -1 -1 -1 -1
44 15 15 15 -1 -1 -1 -1 -1 -1 -1 -1 -1
48 15 15 15 16 16 16 18 18 18 21 21 21
48 15 15 15 16 16 16 18 18 18 -1 -1 -1
48 15 15 15 16 16 16 -1 -1 -1 -1 -1 -1
48 15 15 15 -1 -1 -1 -1 -1 -1 -1 -1 -1
48 11 11 11 12 12 12 14 14 14 17 17 17
48 13 13 13 14 14 14 16 16 16 -1 -1 -1
48 14 14 14 15 15 15 -1 -1 -1 -1 -1 -1
48 15 15 15 -1 -1 -1 -1 -1 -1 -1 -1 -1
*band 2 eu
52 16 16 16 17 17 17 19 19 19 22 22 22
52 16 16 16 17 17 17 19 19 19 -1 -1 -1
52 16 16 16 17 17 17 -1 -1 -1 -1 -1 -1
52 16 16 16 -1 -1 -1 -1 -1 -1 -1 -1 -1
52 12 12 12 13 13 13 15 15 15 18 18 18
52 13 13 13 14 14 14 16 16 16 -1 -1 -1
52 15 15 15 16 16 16 -1 -1 -1 -1 -1 -1
52 16 16 16 -1 -1 -1 -1 -1 -1 -1 -1 -1
56 16 16 16 17 17 17 19 19 19 22 22 22
56 16 16 16 17 17 17 19 19 19 -1 -1 -1
56 16 16 16 17 17 17 -1 -1 -1 -1 -1 -1
56 16 16 16 -1 -1 -1 -1 -1 -1 -1 -1 -1
56 12 12 12 13 13 13 15 15 15 18 18 18
56 13 13 13 14 14 14 16 16 16 -1 -1 -1
56 15 15 15 16 16 16 -1 -1 -1 -1 -1 -1
56 16 16 16 -1 -1 -1 -1 -1 -1 -1 -1 -1
60 16 16 16 17 17 17 19 19 19 22 22 22
60 16 16 16 17 17 17 19 19 19 -1 -1 -1
60 16 16 16 17 17 17 -1 -1 -1 -1 -1 -1
60 16 16 16 -1 -1 -1 -1 -1 -1 -1 -1 -1
60 12 12 12 13 13 13 15 15 15 18 18 18
60 13 13 13 14 14 14 16 16 16 -1 -1 -1
60 15 15 15 16 16 16 -1 -1 -1 -1 -1 -1
60 16 16 16 -1 -1 -1 -1 -1 -1 -1 -1 -1
64 16 16 16 17 17 17 19 19 19 22 22 22
64 16 16 16 17 17 17 19 19 19 -1 -1 -1
64 16 16 16 17 17 17 -1 -1 -1 -1 -1 -1
64 16 16 16 -1 -1 -1 -1 -1 -1 -1 -1 -1
64 12 12 12 13 13 13 15 15 15 18 18 18
64 13 13 13 14 14 14 16 16 16 -1 -1 -1
64 15 15 15 16 16 16 -1 -1 -1 -1 -1 -1
64 16 16 16 -1 -1 -1 -1 -1 -1 -1 -1 -1
*band 3 eu
100 23 23 23 23 23 23 23 23 23 23 23 23
100 23 23 23 23 23 23 23 23 23 -1 -1 -1
100 23 23 23 23 23 23 -1 -1 -1 -1 -1 -1
100 23 23 23 -1 -1 -1 -1 -1 -1 -1 -1 -1
100 21 21 21 21 21 21 23 23 23 23 23 23
100 21 21 21 21 21 21 23 23 23 -1 -1 -1
100 23 23 23 23 23 23 -1 -1 -1 -1 -1 -1
100 23 23 23 -1 -1 -1 -1 -1 -1 -1 -1 -1
104 23 23 23 23 23 23 23 23 23 23 23 23
104 23 23 23 23 23 23 23 23 23 -1 -1 -1
104 23 23 23 23 23 23 -1 -1 -1 -1 -1 -1
104 23 23 23 -1 -1 -1 -1 -1 -1 -1 -1 -1
104 21 21 21 21 21 21 23 23 23 23 23 23
104 21 21 21 21 21 21 23 23 23 -1 -1 -1
104 23 23 23 23 23 23 -1 -1 -1 -1 -1 -1
104 23 23 23 -1 -1 -1 -1 -1 -1 -1 -1 -1
108 23 23 23 23 23 23 23 23 23 23 23 23
108 23 23 23 23 23 23 23 23 23 -1 -1 -1
108 23 23 23 23 23 23 -1 -1 -1 -1 -1 -1
108 23 23 23 -1 -1 -1 -1 -1 -1 -1 -1 -1
108 21 21 21 21 21 21 23 23 23 23 23 23
108 21 21 21 21 21 21 23 23 23 -1 -1 -1
108 23 23 23 23 23 23 -1 -1 -1 -1 -1 -1
108 23 23 23 -1 -1 -1 -1 -1 -1 -1 -1 -1
112 23 23 23 23 23 23 23 23 23 23 23 23
112 23 23 23 23 23 23 23 23 23 -1 -1 -1
112 23 23 23 23 23 23 -1 -1 -1 -1 -1 -1
112 23 23 23 -1 -1 -1 -1 -1 -1 -1 -1 -1
112 21 21 21 21 21 21 23 23 23 23 23 23
112 21 21 21 21 21 21 23 23 23 -1 -1 -1
112 23 23 23 23 23 23 -1 -1 -1 -1 -1 -1
112 23 23 23 -1 -1 -1 -1 -1 -1 -1 -1 -1
116 23 23 23 23 23 23 23 23 23 23 23 23
116 23 23 23 23 23 23 23 23 23 -1 -1 -1
116 23 23 23 23 23 23 -1 -1 -1 -1 -1 -1
116 23 23 23 -1 -1 -1 -1 -1 -1 -1 -1 -1
116 21 21 21 21 21 21 23 23 23 23 23 23
116 21 21 21 21 21 21 23 23 23 -1 -1 -1
116 23 23 23 23 23 23 -1 -1 -1 -1 -1 -1
116 23 23 23 -1 -1 -1 -1 -1 -1 -1 -1 -1
120 23 23 23 23 23 23 23 23 23 23 23 23
120 23 23 23 23 23 23 23 23 23 -1 -1 -1
120 23 23 23 23 23 23 -1 -1 -1 -1 -1 -1
120 23 23 23 -1 -1 -1 -1 -1 -1 -1 -1 -1
120 21 21 21 21 21 21 23 23 23 23 23 23
120 21 21 21 21 21 21 23 23 23 -1 -1 -1
120 23 23 23 23 23 23 -1 -1 -1 -1 -1 -1
120 23 23 23 -1 -1 -1 -1 -1 -1 -1 -1 -1
124 23 23 23 23 23 23 23 23 23 23 23 23
124 23 23 23 23 23 23 23 23 23 -1 -1 -1
124 23 23 23 23 23 23 -1 -1 -1 -1 -1 -1
124 23 23 23 -1 -1 -1 -1 -1 -1 -1 -1 -1
124 21 21 21 21 21 21 23 23 23 23 23 23
124 21 21 21 21 21 21 23 23 23 -1 -1 -1
124 23 23 23 23 23 23 -1 -1 -1 -1 -1 -1
124 23 23 23 -1 -1 -1 -1 -1 -1 -1 -1 -1
128 23 23 23 23 23 23 23 23 23 23 23 23
128 23 23 23 23 23 23 23 23 23 -1 -1 -1
128 23 23 23 23 23 23 -1 -1 -1 -1 -1 -1
128 23 23 23 -1 -1 -1 -1 -1 -1 -1 -1 -1
128 21 21 21 21 21 21 23 23 23 23 23 23
128 21 21 21 21 21 21 23 23 23 -1 -1 -1
128 23 23 23 23 23 23 -1 -1 -1 -1 -1 -1
128 23 23 23 -1 -1 -1 -1 -1 -1 -1 -1 -1
132 -1 23 23 -1 23 23 -1 23 23 -1 23 23
132 -1 23 23 -1 23 23 -1 23 23 -1 -1 -1
132 -1 23 23 -1 23 23 -1 -1 -1 -1 -1 -1
132 -1 23 23 -1 -1 -1 -1 -1 -1 -1 -1 -1
132 -1 19 19 -1 19 19 -1 23 23 -1 23 23
132 -1 20 20 -1 20 20 -1 23 23 -1 -1 -1
132 -1 23 23 -1 23 23 -1 -1 -1 -1 -1 -1
132 -1 23 23 -1 -1 -1 -1 -1 -1 -1 -1 -1
136 -1 23 23 -1 23 23 -1 23 23 -1 23 23
136 -1 23 23 -1 23 23 -1 23 23 -1 -1 -1
136 -1 23 23 -1 23 23 -1 -1 -1 -1 -1 -1
136 -1 23 23 -1 -1 -1 -1 -1 -1 -1 -1 -1
136 -1 19 19 -1 19 19 -1 23 23 -1 23 23
136 -1 20 20 -1 20 20 -1 23 23 -1 -1 -1
136 -1 23 23 -1 23 23 -1 -1 -1 -1 -1 -1
136 -1 23 23 -1 -1 -1 -1 -1 -1 -1 -1 -1
140 -1 23 23 -1 23 23 -1 23 23 -1 23 23
140 -1 23 23 -1 23 23 -1 23 23 -1 -1 -1
140 -1 23 23 -1 23 23 -1 -1 -1 -1 -1 -1
140 -1 23 23 -1 -1 -1 -1 -1 -1 -1 -1 -1
140 -1 19 19 -1 19 19 -1 23 23 -1 23 23
140 -1 20 20 -1 20 20 -1 23 23 -1 -1 -1
140 -1 23 23 -1 23 23 -1 -1 -1 -1 -1 -1
140 -1 23 23 -1 -1 -1 -1 -1 -1 -1 -1 -1
