*band 1 us
36 18 18 22 19 19 20 20 21 23 23 23 23
36 18 18 22 19 19 20 20 21 23 -1 -1 -1
36 18 18 22 19 19 20 -1 -1 -1 -1 -1 -1
36 18 18 22 -1 -1 -1 -1 -1 -1 -1 -1 -1
36 16 18 22 18 19 20 20 21 23 23 23 23
36 17 16 22 18 19 20 20 21 23 -1 -1 -1
36 18 18 22 19 19 20 -1 -1 -1 -1 -1 -1
36 18 18 22 -1 -1 -1 -1 -1 -1 -1 -1 -1
40 18 18 23 19 19 20 20 21 23 23 23 23
40 18 18 23 19 19 20 20 21 22 -1 -1 -1
40 18 18 23 19 19 20 -1 -1 -1 -1 -1 -1
40 18 18 23 -1 -1 -1 -1 -1 -1 -1 -1 -1
40 16 18 23 18 19 20 20 21 22 23 23 23
40 17 16 23 18 19 20 20 21 22 -1 -1 -1
40 18 18 23 19 19 20 -1 -1 -1 -1 -1 -1
40 18 18 23 -1 -1 -1 -1 -1 -1 -1 -1 -1
44 18 22 23 19 23 23 20 23 23 23 23 23
44 18 22 23 19 23 23 20 23 23 -1 -1 -1
44 18 22 23 19 23 23 -1 -1 -1 -1 -1 -1
44 18 22 23 -1 -1 -1 -1 -1 -1 -1 -1 -1
44 16 22 23 18 23 23 20 23 23 23 23 23
44 17 22 23 18 23 23 20 23 23 -1 -1 -1
44 18 22 23 19 23 23 -1 -1 -1 -1 -1 -1
44 18 22 23 -1 -1 -1 -1 -1 -1 -1 -1 -1
48 18 22 23 19 23 23 20 23 23 23 23 23
48 18 22 23 19 23 23 20 23 23 -1 -1 -1
48 18 22 23 19 23 23 -1 -1 -1 -1 -1 -1
48 18 22 23 -1 -1 -1 -1 -1 -1 -1 -1 -1
48 16 22 23 18 23 23 20 23 23 23 23 23
48 17 22 23 18 23 23 20 23 23 -1 -1 -1
48 18 22 23 19 23 23 -1 -1 -1 -1 -1 -1
48 18 22 23 -1 -1 -1 -1 -1 -1 -1 -1 -1
*band 2 us
52 17 17 17 17 18 18 18 20 20 21 23 23
52 17 17 17 17 18 18 18 20 20 -1 -1 -1
52 17 17 17 17 18 18 -1 -1 -1 -1 -1 -1
52 17 17 17 -1 -1 -1 -1 -1 -1 -1 -1 -1
52 14 17 17 16 17 18 18 19 20 21 22 23
52 16 17 17 16 17 18 18 19 20 -1 -1 -1
52 17 17 17 17 18 18 -1 -1 -1 -1 -1 -1
52 17 17 17 -1 -1 -1 -1 -1 -1 -1 -1 -1
56 17 17 17 17 18 18 18 20 20 21 23 23
56 17 17 17 17 18 18 18 20 20 -1 -1 -1
56 17 17 17 17 18 18 -1 -1 -1 -1 -1 -1
56 17 17 17 -1 -1 -1 -1 -1 -1 -1 -1 -1
56 14 17 17 16 17 18 18 19 20 21 22 23
56 16 17 17 16 17 18 18 19 20 -1 -1 -1
56 17 17 17 17 18 18 -1 -1 -1 -1 -1 -1
56 17 17 17 -1 -1 -1 -1 -1 -1 -1 -1 -1
60 17 17 17 17 18 18 18 20 20 21 23 23
60 17 17 17 17 18 18 18 20 20 -1 -1 -1
60 17 17 17 17 18 18 -1 -1 -1 -1 -1 -1
60 17 17 17 -1 -1 -1 -1 -1 -1 -1 -1 -1
60 14 17 17 16 17 18 18 19 20 21 22 23
60 16 17 17 16 17 18 18 19 20 -1 -1 -1
60 17 17 17 17 18 18 -1 -1 -1 -1 -1 -1
60 17 17 17 -1 -1 -1 -1 -1 -1 -1 -1 -1
64 17 17 17 17 18 18 18 20 20 21 23 23
64 17 17 17 17 18 18 18 20 20 -1 -1 -1
64 17 17 17 17 18 18 -1 -1 -1 -1 -1 -1
64 17 17 17 -1 -1 -1 -1 -1 -1 -1 -1 -1
64 14 17 17 16 17 18 18 19 20 21 22 23
64 16 17 17 16 17 18 18 19 20 -1 -1 -1
64 17 17 17 17 18 18 -1 -1 -1 -1 -1 -1
64 17 17 17 -1 -1 -1 -1 -1 -1 -1 -1 -1
*band 3 us
100 16 16 17 16 17 18 18 19 20 21 22 23
100 16 16 17 16 17 18 18 19 20 -1 -1 -1
100 16 16 17 16 17 18 -1 -1 -1 -1 -1 -1
100 16 16 17 -1 -1 -1 -1 -1 -1 -1 -1 -1
100 14 16 17 16 17 18 18 19 20 21 22 23
100 16 16 17 16 17 18 18 19 20 -1 -1 -1
100 16 16 17 16 17 18 -1 -1 -1 -1 -1 -1
100 16 16 17 -1 -1 -1 -1 -1 -1 -1 -1 -1
104 16 16 17 16 17 18 18 20 20 21 22 23
104 16 16 17 16 17 18 18 20 20 -1 -1 -1
104 16 16 17 16 17 18 -1 -1 -1 -1 -1 -1
104 16 16 17 -1 -1 -1 -1 -1 -1 -1 -1 -1
104 14 16 17 16 17 18 18 20 20 21 22 23
104 16 16 17 16 17 18 18 20 20 -1 -1 -1
104 16 16 17 16 17 18 -1 -1 -1 -1 -1 -1
104 16 16 17 -1 -1 -1 -1 -1 -1 -1 -1 -1
108 16 17 17 16 18 18 18 20 20 21 22 23
108 16 17 17 16 18 18 18 20 20 -1 -1 -1
108 16 17 17 16 18 18 -1 -1 -1 -1 -1 -1
108 16 17 17 -1 -1 -1 -1 -1 -1 -1 -1 -1
108 13 17 17 16 18 18 18 20 20 21 22 23
108 15 17 17 16 18 18 18 20 20 -1 -1 -1
108 16 17 17 16 18 18 -1 -1 -1 -1 -1 -1
108 16 17 17 -1 -1 -1 -1 -1 -1 -1 -1 -1
112 16 17 17 16 18 18 18 20 20 21 22 23
112 16 17 17 16 18 18 18 20 20 -1 -1 -1
112 16 17 17 16 18 18 -1 -1 -1 -1 -1 -1
112 16 17 17 -1 -1 -1 -1 -1 -1 -1 -1 -1
112 13 17 17 16 18 18 18 20 20 21 22 23
112 15 17 17 16 18 18 18 20 20 -1 -1 -1
112 16 17 17 16 18 18 -1 -1 -1 -1 -1 -1
112 16 17 17 -1 -1 -1 -1 -1 -1 -1 -1 -1
116 16 17 17 16 18 18 18 20 20 21 22 23
116 16 17 17 16 18 18 18 20 20 -1 -1 -1
116 16 17 17 16 18 18 -1 -1 -1 -1 -1 -1
116 16 17 17 -1 -1 -1 -1 -1 -1 -1 -1 -1
116 13 17 17 16 18 18 18 20 20 21 22 23
116 15 17 17 16 18 18 18 20 20 -1 -1 -1
116 16 17 17 16 18 18 -1 -1 -1 -1 -1 -1
116 16 17 17 -1 -1 -1 -1 -1 -1 -1 -1 -1
120 16 17 17 16 18 18 18 20 20 21 22 23
120 16 17 17 16 18 18 18 20 20 -1 -1 -1
120 16 17 17 16 18 18 -1 -1 -1 -1 -1 -1
120 16 17 17 -1 -1 -1 -1 -1 -1 -1 -1 -1
120 13 17 17 16 18 18 18 20 20 21 22 23
120 15 17 17 16 18 18 18 20 20 -1 -1 -1
120 16 17 17 16 18 18 -1 -1 -1 -1 -1 -1
120 16 17 17 -1 -1 -1 -1 -1 -1 -1 -1 -1
124 16 17 17 16 18 18 18 20 20 21 22 23
124 16 17 17 16 18 18 18 20 20 -1 -1 -1
124 16 17 17 16 18 18 -1 -1 -1 -1 -1 -1
124 16 17 17 -1 -1 -1 -1 -1 -1 -1 -1 -1
124 13 17 17 16 18 18 18 20 20 21 22 23
124 15 17 17 16 18 18 18 20 20 -1 -1 -1
124 16 17 17 16 18 18 -1 -1 -1 -1 -1 -1
124 16 17 17 -1 -1 -1 -1 -1 -1 -1 -1 -1
128 16 17 17 16 18 18 18 20 20 21 22 23
128 16 17 17 16 18 18 18 20 20 -1 -1 -1
128 16 17 17 16 18 18 -1 -1 -1 -1 -1 -1
128 16 17 17 -1 -1 -1 -1 -1 -1 -1 -1 -1
128 13 17 17 16 18 18 18 20 20 21 22 23
128 15 17 17 16 18 18 18 20 20 -1 -1 -1
128 16 17 17 16 18 18 -1 -1 -1 -1 -1 -1
128 16 17 17 -1 -1 -1 -1 -1 -1 -1 -1 -1
132 17 17 17 18 18 18 20 20 20 23 23 23
132 17 17 17 18 18 18 20 20 20 -1 -1 -1
132 17 17 17 18 18 18 -1 -1 -1 -1 -1 -1
132 17 17 17 -1 -1 -1 -1 -1 -1 -1 -1 -1
132 17 17 17 17 17 17 20 20 20 23 23 23
132 17 17 17 18 18 18 20 20 20 -1 -1 -1
132 17 17 17 18 18 18 -1 -1 -1 -1 -1 -1
132 17 17 17 -1 -1 -1 -1 -1 -1 -1 -1 -1
136 17 17 17 18 18 18 20 20 20 23 23 23
136 17 17 17 18 18 18 20 20 20 -1 -1 -1
136 17 17 17 18 18 18 -1 -1 -1 -1 -1 -1
136 17 17 17 -1 -1 -1 -1 -1 -1 -1 -1 -1
136 17 17 17 17 17 17 20 20 20 23 23 23
136 17 17 17 18 18 18 20 20 20 -1 -1 -1
136 17 17 17 18 18 18 -1 -1 -1 -1 -1 -1
136 17 17 17 -1 -1 -1 -1 -1 -1 -1 -1 -1
140 17 17 17 18 18 18 20 20 20 23 23 23
140 17 17 17 18 18 18 20 20 20 -1 -1 -1
140 17 17 17 18 18 18 -1 -1 -1 -1 -1 -1
140 17 17 17 -1 -1 -1 -1 -1 -1 -1 -1 -1
140 17 17 17 17 17 17 20 20 20 23 23 23
140 17 17 17 18 18 18 20 20 20 -1 -1 -1
140 17 17 17 18 18 18 -1 -1 -1 -1 -1 -1
140 17 17 17 -1 -1 -1 -1 -1 -1 -1 -1 -1
144 17 17 17 18 18 18 20 20 20 23 23 23
144 17 17 17 18 18 18 20 20 20 -1 -1 -1
144 17 17 17 18 18 18 -1 -1 -1 -1 -1 -1
144 17 17 17 -1 -1 -1 -1 -1 -1 -1 -1 -1
144 17 17 17 17 17 17 20 20 20 23 23 23
144 17 17 17 18 18 18 20 20 20 -1 -1 -1
144 17 17 17 18 18 18 -1 -1 -1 -1 -1 -1
144 17 17 17 -1 -1 -1 -1 -1 -1 -1 -1 -1
*band 4 us
149 23 23 23 23 23 23 23 23 23 23 23 23
149 23 23 23 23 23 23 23 23 23 -1 -1 -1
149 23 23 23 23 23 23 -1 -1 -1 -1 -1 -1
149 23 23 23 -1 -1 -1 -1 -1 -1 -1 -1 -1
149 23 23 23 23 23 23 23 23 23 23 23 23
149 23 23 23 23 23 23 23 23 23 -1 -1 -1
149 23 23 23 23 23 23 -1 -1 -1 -1 -1 -1
149 23 23 23 -1 -1 -1 -1 -1 -1 -1 -1 -1
153 23 23 23 23 23 23 23 23 23 23 23 23
153 23 23 23 23 23 23 23 23 23 -1 -1 -1
153 23 23 23 23 23 23 -1 -1 -1 -1 -1 -1
153 23 23 23 -1 -1 -1 -1 -1 -1 -1 -1 -1
153 23 23 23 23 23 23 23 23 23 23 23 23
153 23 23 23 23 23 23 23 23 23 -1 -1 -1
153 23 23 23 23 23 23 -1 -1 -1 -1 -1 -1
153 23 23 23 -1 -1 -1 -1 -1 -1 -1 -1 -1
157 23 23 23 23 23 23 23 23 23 23 23 23
157 23 23 23 23 23 23 23 23 23 -1 -1 -1
157 23 23 23 23 23 23 -1 -1 -1 -1 -1 -1
157 23 23 23 -1 -1 -1 -1 -1 -1 -1 -1 -1
157 23 23 23 23 23 23 23 23 23 23 23 23
157 23 23 23 23 23 23 23 23 23 -1 -1 -1
157 23 23 23 23 23 23 -1 -1 -1 -1 -1 -1
157 23 23 23 -1 -1 -1 -1 -1 -1 -1 -1 -1
161 23 23 23 23 23 23 23 23 23 23 23 23
161 23 23 23 23 23 23 23 23 23 -1 -1 -1
161 23 23 23 23 23 23 -1 -1 -1 -1 -1 -1
161 23 23 23 -1 -1 -1 -1 -1 -1 -1 -1 -1
161 23 23 23 23 23 23 23 23 23 23 23 23
161 23 23 23 23 23 23 23 23 23 -1 -1 -1
161 23 23 23 23 23 23 -1 -1 -1 -1 -1 -1
161 23 23 23 -1 -1 -1 -1 -1 -1 -1 -1 -1
165 -1 -1 23 -1 -1 23 -1 -1 23 -1 -1 23
165 -1 -1 23 -1 -1 23 -1 -1 23 -1 -1 -1
165 -1 -1 23 -1 -1 23 -1 -1 -1 -1 -1 -1
165 -1 -1 23 -1 -1 -1 -1 -1 -1 -1 -1 -1
165 -1 -1 23 -1 -1 21 -1 -1 23 -1 -1 23
165 -1 -1 23 -1 -1 23 -1 -1 23 -1 -1 -1
165 -1 -1 23 -1 -1 23 -1 -1 -1 -1 -1 -1
165 -1 -1 23 -1 -1 -1 -1 -1 -1 -1 -1 -1
169 -1 -1 23 -1 -1 23 -1 -1 23 -1 -1 23
169 -1 -1 23 -1 -1 23 -1 -1 23 -1 -1 -1
169 -1 -1 23 -1 -1 23 -1 -1 -1 -1 -1 -1
169 -1 -1 23 -1 -1 -1 -1 -1 -1 -1 -1 -1
169 -1 -1 23 -1 -1 21 -1 -1 23 -1 -1 23
169 -1 -1 23 -1 -1 23 -1 -1 23 -1 -1 -1
169 -1 -1 23 -1 -1 23 -1 -1 -1 -1 -1 -1
169 -1 -1 23 -1 -1 -1 -1 -1 -1 -1 -1 -1
